1757 0.228804814
1847 0.225794336
1867 0.209303759
1807 0.221247371
1946 0.237583586
1920 0.2458426
1905 0.238651186
1840 0.215813404
1772 0.253576615
1807 0.273261382
1746 0.259535022
1820 0.184570326
1785 0.221807585
1741 0.237925796
1818 0.195562088
1854 0.23660088
1707 0.197279422
1752 0.232016444
1828 0.221804945
1809 0.208378137
1809 0.172799666
1712 0.234807955
1746 0.228802925
1815 0.195164746
1794 0.25243296
1748 0.214355681
1691 0.256580755
1788 0.216426204
1776 0.208734042
1784 0.229219916
1683 0.227899435
1836 0.248955416
1691 0.219281914
1697 0.210309355
1731 0.218309582
1710 0.168503787
1769 0.209106586
1829 0.227534309
1777 0.197031726
1822 0.202424208
1801 0.167603014
1811 0.254113277
1855 0.243015948
1822 0.17130182
1789 0.219372116
1778 0.22010327
1819 0.235982831
1734 0.183258257
1830 0.218323231
1726 0.196877914
1663 0.24338097
1708 0.190548144
1764 0.179992746
1706 0.19980902
1867 0.218106473
1788 0.244762222
1789 0.205952676
1862 0.246593674
1755 0.182469531
1786 0.194545477
1738 0.201080973
1766 0.207882949
1854 0.171971646
1710 0.208689337
1899 0.235038191
1775 0.245832605
1722 0.227573373
1685 0.227589981
1804 0.218033773
1729 0.207335258
1751 0.240367452
1798 0.19544842
1754 0.193591954
1763 0.217718937
1774 0.220597188
1778 0.246448872
1758 0.203176152
1744 0.201934985
1762 0.22972732
1871 0.236061434
1763 0.212638309
1796 0.200108951
1892 0.209681231
1810 0.22823837
1699 0.202113182
1781 0.207909008
1748 0.252480714
1731 0.189975679
1739 0.212522838
1824 0.179766781
1697 0.232757248
1748 0.238875612
1745 0.193928854
1806 0.206625595
1733 0.229824662
1760 0.210298056
1788 0.204110342
1713 0.18461192
1840 0.21017816
1763 0.195963416
1764 0.203724977
1853 0.203116479
1759 0.206845599
1674 0.172386378
1782 0.196402749
1829 0.222725505
1815 0.215368202
1797 0.192816287
1798 0.226797807
1858 0.250473561
1829 0.245694676
1768 0.207686629
1725 0.197060848
1834 0.231926171
1824 0.275908589
1723 0.258230045
1724 0.265344079
1747 0.203348703
1835 0.270899454
1838 0.205443282
1808 0.228028153
1809 0.205460741
1784 0.192413271
1761 0.231095061
1748 0.233744053
1764 0.224445586
1931 0.243897109
1839 0.222940081
1779 0.211008605
1822 0.218902746
1806 0.220153169
1817 0.191994676
1811 0.223789758
1801 0.240836255
1673 0.208030523
1854 0.201597084
1846 0.196271118
1778 0.219979443
1699 0.212526702
1839 0.22946227
1847 0.218013681
1759 0.206561833
1816 0.205099393
1919 0.205303627
1802 0.239747036
1730 0.184538546
1757 0.253986225
1746 0.228412613
1745 0.242421697
1759 0.202505926
1853 0.206086186
1865 0.22509581
1808 0.194810262
1836 0.197318316
1844 0.211275338
1916 0.22822648
1748 0.224641929
1804 0.231311977
1732 0.214891507
1815 0.188610277
1691 0.21173331
1904 0.202783891
1887 0.208485039
1882 0.200444099
1848 0.241339204
1763 0.217147669
1781 0.211834356
1872 0.244156625
1728 0.24739052
1764 0.209660749
1854 0.18778159
1737 0.205716006
1866 0.209564583
1820 0.23609352
1794 0.203005773
1788 0.22162426
1735 0.235429371
1821 0.211824572
1911 0.215082898
1822 0.196690055
1720 0.194641412
1751 0.233162705
1717 0.192452848
1792 0.221828917
1784 0.211373897
1886 0.203085138
1754 0.229668954
1740 0.184158288
1830 0.214833956
1826 0.225173494
1748 0.219880873
1721 0.219742527
1729 0.208303168
1740 0.224361821
1789 0.250815709
1713 0.158361933
1818 0.190315741
1797 0.238944845
1820 0.301520332
1745 0.232321441
1743 0.232574548
1766 0.253767793
1792 0.206511613
1892 0.18769034
1824 0.197693068
1735 0.241858855
1777 0.206207716
1713 0.204846073
1787 0.182539348
1823 0.22712674
1896 0.174456849
1785 0.239498761
1785 0.259603497
1740 0.235269086
1792 0.225400694
1771 0.252911758
1689 0.265305515
1873 0.227747573
1841 0.241087704
1684 0.262086548
1815 0.221597786
1777 0.285344634
1873 0.239499129
1710 0.245142642
1825 0.245069669
1800 0.209924752
1745 0.23427193
1741 0.187302294
1719 0.236103088
1887 0.220403983
1769 0.17703784
1737 0.205415026
1848 0.214742557
1786 0.204109589
1828 0.209435053
1697 0.221596406
1782 0.150052311
1841 0.205813827
1758 0.219488594
1741 0.22979512
1859 0.236503882
1724 0.221508716
1863 0.21032776
1810 0.21760406
1728 0.221220203
1745 0.194946799
1849 0.246377141
1779 0.224752234
1776 0.186013522
1784 0.214349942
1883 0.189946394
1824 0.20554971
1879 0.1903549
1806 0.248276301
1766 0.215383344
1743 0.211256184
1781 0.227655485
1881 0.21881407
1831 0.225287252
1757 0.227051817
1818 0.220387709
1840 0.190574191
1699 0.236094198
1828 0.217739254
1748 0.219652175
1758 0.213573027
1813 0.20650338
1674 0.245959487
1791 0.285290829
1802 0.242255387
1856 0.20702563
1819 0.214294121
1783 0.228807611
1799 0.227990652
1858 0.211518616
1743 0.228316839
1739 0.238430316
1775 0.242948022
1765 0.238169974
1723 0.227265799
1927 0.212685805
1711 0.211558024
1762 0.179377134
1719 0.235086007
1798 0.224526912
1823 0.209967097
1859 0.222384486
1718 0.161694181
1799 0.205580817
1742 0.275037659
1692 0.233178343
1739 0.213838748
1822 0.207364637
1911 0.196847494
1843 0.215416447
1734 0.221952725
1847 0.204938752
1710 0.217287398
1809 0.192234533
1798 0.189251901
1773 0.222548931
1736 0.144196211
1827 0.161709915
1799 0.178345932
1792 0.208477989
1842 0.259988294
1787 0.205908546
1745 0.244948769
1717 0.226647501
1775 0.1860496
1815 0.207883816
1888 0.206818618
1794 0.21709578
1770 0.194049785
1869 0.214150742
1726 0.174752213
1747 0.225269359
1798 0.227317622
1738 0.198309137
1789 0.200320845
1766 0.23997751
1845 0.220592967
1725 0.232803658
1702 0.196849939
1743 0.197307907
1841 0.220990239
1811 0.290034476
1788 0.265825923
1696 0.261983525
1699 0.231253021
1698 0.226084236
1876 0.251227906
1807 0.244455058
1856 0.244559899
1803 0.230624719
1735 0.173741634
1791 0.242508291
1856 0.210252069
1699 0.229982428
1777 0.249050598
1737 0.224442365
1679 0.164479339
1788 0.256096843
1740 0.21963551
1750 0.250084339
1826 0.233657641
1754 0.183991542
1682 0.242126176
1801 0.221413706
1825 0.211561436
1786 0.190737718
1744 0.215678963
1885 0.228613656
1880 0.21345721
1771 0.212179302
1792 0.219818412
1706 0.209157634
1706 0.237333197
1766 0.204568229
1798 0.250941316
1755 0.228197425
1765 0.196564665
1776 0.213124305
1754 0.205461133
1781 0.220959215
1852 0.185239712
1775 0.217945674
1795 0.179694711
1767 0.216885208
1711 0.27547271
1785 0.217138586
1766 0.280283633
1739 0.255163517
1717 0.242191771
1840 0.224993333
1730 0.226191745
1798 0.274052785
1865 0.224775626
1796 0.184819239
1860 0.179981703
1718 0.239968611
1776 0.231441092
1732 0.238014404
1833 0.209905912
1825 0.200065128
1687 0.195248514
1686 0.177619225
1752 0.272691808
1819 0.183456174
1747 0.225440629
1759 0.244745648
1720 0.230630779
1803 0.199712323
1800 0.221358865
1737 0.183393833
1763 0.209187864
1728 0.187364179
1853 0.222440701
1853 0.238175097
1910 0.19405493
1761 0.164831295
1789 0.218082069
1668 0.203689842
1713 0.190189546
1843 0.192620492
1678 0.188019931
1878 0.189242399
1818 0.225479912
1795 0.208414061
1780 0.196431727
1698 0.186755939
1687 0.1986544
1755 0.247075823
1692 0.245657475
1793 0.189294532
1899 0.179935262
1695 0.209909039
1867 0.2479041
1752 0.225243817
1898 0.212455923
1779 0.207229468
1731 0.294751349
1733 0.192986036
1876 0.197143899
1711 0.205968716
1779 0.229805133
1773 0.226117284
1786 0.178072491
1758 0.204188593
1933 0.200837312
1780 0.23418924
1812 0.190961096
1856 0.202612527
1803 0.238069008
1668 0.217831304
1776 0.179026223
1683 0.227987175
1762 0.20989331
1854 0.228246786
1842 0.189056836
1940 0.238043501
1756 0.261348815
1760 0.282284959
1756 0.283101421
1752 0.198090446
1727 0.204464631
1778 0.255089549
1854 0.233923268
1765 0.290592323
1856 0.251913512
1733 0.246461474
1790 0.277087313
1787 0.235562407
1771 0.2261536
1792 0.183670549
1714 0.231999346
1766 0.201764007
1766 0.196449224
1793 0.19021146
1764 0.213618743
1869 0.224287148
1800 0.239638118
1797 0.200329098
1875 0.223107472
1693 0.224328487
1726 0.242807759
1750 0.218033474
1841 0.196087032
1751 0.19234588
1747 0.178418971
1929 0.196847682
1839 0.227846294
1829 0.202460787
1855 0.220258152
1799 0.24376353
1882 0.237476479
1739 0.176410413
1765 0.216085319
1871 0.193987215
1825 0.208239765
1846 0.256575133
1817 0.251793115
1818 0.196541907
1773 0.201276657
1805 0.227733976
1836 0.206141345
1714 0.204315623
1764 0.243013152
1743 0.210441811
1814 0.204135159
1663 0.218789297
1776 0.252175165
1758 0.230094547
1751 0.186038532
1861 0.217120154
1802 0.216736431
1792 0.208698761
1758 0.217278847
1773 0.253646886
1803 0.224008028
1849 0.228680521
1813 0.222482414
1835 0.218545184
1813 0.24748625
1859 0.205589514
1884 0.228976417
1696 0.206929406
1747 0.217903001
1786 0.191766898
1673 0.228004436
1780 0.219057412
1836 0.244580099
1725 0.217736121
1860 0.201794074
1813 0.212685762
1805 0.253201349
1843 0.187516843
1719 0.2263877
1853 0.206816004
1848 0.252250288
1797 0.198922094
1951 0.214299526
1712 0.21353225
1777 0.252847222
1820 0.178226441
1722 0.258403661
1751 0.193104384
1822 0.135795456
1772 0.203775927
1854 0.199063491
1713 0.183858747
1813 0.230795636
1820 0.216751601
1764 0.217311342
1796 0.212578747
1800 0.205494003
1889 0.199951242
1850 0.17917488
1717 0.204279864
1802 0.24874027
1751 0.209579322
1943 0.225339034
1712 0.222302079
1717 0.177737632
1706 0.227935205
1741 0.192243042
1804 0.208933467
1783 0.202693647
1879 0.224492239
1752 0.190920241
1789 0.193957015
1759 0.19933534
1751 0.175316406
1814 0.200478579
1786 0.224882099
1749 0.200994738
1727 0.232702176
1733 0.226595262
1823 0.207200546
1778 0.209386716
1929 0.236361094
1746 0.224950135
1901 0.238901034
1826 0.356370848
1693 0.224219333
1782 0.249269331
1865 0.243707198
1779 0.219201983
1759 0.250867823
1730 0.182679491
1841 0.190183987
1761 0.237488587
1810 0.216821715
1824 0.241208689
1812 0.256485657
1821 0.216023136
1905 0.20855386
1720 0.208677664
1726 0.182250753
1787 0.227670479
1826 0.257687656
1810 0.22263355
1830 0.186798823
1733 0.220296223
1880 0.218510298
1725 0.219073089
1748 0.207318696
1801 0.199930278
1884 0.199294629
1737 0.179692247
1894 0.174245694
1766 0.250433564
1815 0.200372897
1703 0.216146331
1716 0.203386841
1783 0.215086998
1803 0.258034257
1760 0.267388858
1812 0.202709199
1741 0.285852121
1750 0.238791987
1833 0.245586453
1882 0.272702339
1815 0.189319269
1798 0.197236786
1806 0.20294332
1794 0.202917685
1788 0.206818692
1784 0.205390214
1761 0.217330952
1838 0.206001256
1836 0.237460694
1838 0.215735772
1723 0.217807182
1834 0.177859956
1816 0.22882958
1762 0.199455414
1736 0.202650965
1801 0.19960149
1916 0.183507181
1795 0.175660085
1834 0.217053433
1813 0.181769228
1763 0.21626417
1784 0.253291375
1812 0.208080495
1705 0.253924616
1833 0.235036226
1723 0.246520569
1729 0.229084032
1782 0.268483006
1774 0.171953325
1713 0.192818853
1834 0.202243378
1831 0.197247982
1902 0.172405531
1838 0.20641462
1788 0.181089102
1697 0.238108622
1778 0.203166747
1846 0.21622781
1761 0.230388608
1770 0.211768788
1795 0.185025912
1906 0.217847001
1788 0.304695332
1796 0.241572564
1741 0.243989693
1674 0.227581023
1708 0.244366379
1752 0.226361286
1780 0.174444381
1854 0.186964826
1754 0.184283601
1749 0.225275894
1788 0.247321237
1767 0.248071146
1735 0.207269987
1913 0.23773344
1850 0.248480059
1884 0.240496781
1760 0.217401519
1810 0.214138698
1893 0.232135711
1776 0.29204067
1830 0.226895158
1739 0.231193378
1791 0.203636127
1919 0.258845
1747 0.206744828
1824 0.219169476
1929 0.267420918
1881 0.237493758
1783 0.211943877
1805 0.201499959
1762 0.175932491
1732 0.252075643
1781 0.192695074
1772 0.215807174
1721 0.238285638
1771 0.191114919
1734 0.200001836
1848 0.20821486
1860 0.247291558
1840 0.253581669
1763 0.244742302
1766 0.239325834
1732 0.208758996
1768 0.219677549
1797 0.195561093
1753 0.228767978
1835 0.251373566
1893 0.179298674
1720 0.221674683
1766 0.184384626
1894 0.228442711
1870 0.193231539
1800 0.245783746
1836 0.191956522
1780 0.202972499
1710 0.250952795
1695 0.205569732
1840 0.234792514
1872 0.2236416
1803 0.213593064
1709 0.200320946
1769 0.228384435
1844 0.211744992
1790 0.226843175
1804 0.182654931
1763 0.193120444
1716 0.213656844
1719 0.218163649
1742 0.190428249
1800 0.200729675
1813 0.177224834
1816 0.242923618
1755 0.18900573
1945 0.237253248
1802 0.23139814
1725 0.237285318
1849 0.240671519
1814 0.186651119
1867 0.182604167
1803 0.202984726
1729 0.243323324
1893 0.225121821
1844 0.185685823
1785 0.188829453
1707 0.243164211
1701 0.200825371
1849 0.215452623
1813 0.186049222
1874 0.236311505
1796 0.241508976
1845 0.234799141
1746 0.198809344
1702 0.195660668
1798 0.198387952
1899 0.183528182
1847 0.230752552
1825 0.200009985
1731 0.223045221
1862 0.223618192
1768 0.161215192
1755 0.193482261
1896 0.198302567
1825 0.230624102
1739 0.206030789
1885 0.22876232
1874 0.210768641
1741 0.162865978
1816 0.216861949
1875 0.217104016
1723 0.249203163
1732 0.200877996
1820 0.142628698
1806 0.203612882
1705 0.191067566
1727 0.200520701
1792 0.235185793
1732 0.230558395
1898 0.202364765
1827 0.181241724
1847 0.159713127
1756 0.215483064
1704 0.219570945
1792 0.19234761
1907 0.194001902
1740 0.221410869
1819 0.239471373
1871 0.201810259
1866 0.227569415
1870 0.224617965
1822 0.250513523
1786 0.183816093
1692 0.236130813
1880 0.22540165
1802 0.277826911
1750 0.208931197
1847 0.211935655
1768 0.204779385
1794 0.210843762
1797 0.229012748
1788 0.154199019
1751 0.21012141
1765 0.24780737
1712 0.192863572
1786 0.195595654
1810 0.219597868
1756 0.239886253
1854 0.248104576
1727 0.184557082
1861 0.200650806
1789 0.199222881
1825 0.222924709
1917 0.188087799
1760 0.200974777
1834 0.189273038
1787 0.223694785
1705 0.198635987
1763 0.203783001
1741 0.225050794
1866 0.214128165
1799 0.217851453
1847 0.210285746
1699 0.276299312
1863 0.208443914
1796 0.196102467
1795 0.198019007
1794 0.201343086
1817 0.227251121
1788 0.219427462
1923 0.216301039
1778 0.208770336
1843 0.194459787
1722 0.214628907
1798 0.23867574
1882 0.199903414
1921 0.199628378
1820 0.207136779
1835 0.190304157
1865 0.207233424
1770 0.283085503
1805 0.236499555
1779 0.183813793
1810 0.206429022
1685 0.202334248
1749 0.216336516
1716 0.21755904
1758 0.209825946
1860 0.219221393
1772 0.192258474
1817 0.188974101
1778 0.234742594
1818 0.184056654
1849 0.203215484
1789 0.179535718
1754 0.258706694
1719 0.246558232
1865 0.216434343
1806 0.207568793
1723 0.232467737
1722 0.211829051
1789 0.180223506
1745 0.19005638
1846 0.182022663
1874 0.245904152
1811 0.220391451
1804 0.222499634
1809 0.171497803
1755 0.178652304
1828 0.226974419
1753 0.209500756
1947 0.181494516
1851 0.258479797
1842 0.216090228
1809 0.202614647
1684 0.209507214
1839 0.170361588
1814 0.200395929
1770 0.166238253
1731 0.228860201
1663 0.215858385
1821 0.189896632
1713 0.202253523
1849 0.198184467
1667 0.213348429
1838 0.208305412
1816 0.212101355
1695 0.187410551
1801 0.180068979
1807 0.284037014
1764 0.232977941
1733 0.246707628
1829 0.232447454
1767 0.247760227
1776 0.231109739
1746 0.186452499
1754 0.173137949
1767 0.245592474
1779 0.19694758
1761 0.200581408
1775 0.231976345
1690 0.170236342
1733 0.237397328
1696 0.170276836
1699 0.201414568
1755 0.212832639
1741 0.187844072
1668 0.276461856
1785 0.223792779
1724 0.214617698
1722 0.228650588
1785 0.265045838
1712 0.209226593
1756 0.186970455
1766 0.174921767
1724 0.228948246
1793 0.200235116
1876 0.2081338
1827 0.190304988
1800 0.308170441
1891 0.21226762
1872 0.21723226
1759 0.240013492
1741 0.250615323
1781 0.177580731
1795 0.219007248
1853 0.182051201
1705 0.199008501
1715 0.22600034
1767 0.222182077
1791 0.196037311
1752 0.204509615
1771 0.25470939
1726 0.218124935
1779 0.187680944
1815 0.204893284
1854 0.21074857
1802 0.254569565
1704 0.246660552
1854 0.209012937
1787 0.214057467
1771 0.213235254
1836 0.226645706
1793 0.227867928
1797 0.22314114
1752 0.208711332
1690 0.22216895
1785 0.224355935
1702 0.208249221
1771 0.198091036
1748 0.246866697
1683 0.244061245
1807 0.211262834
1726 0.225642392
1743 0.237845304
1885 0.213076131
1772 0.198083609
1889 0.142375433
1865 0.23697134
1758 0.254714145
1791 0.223474145
1721 0.249944063
1737 0.168924163
1718 0.228031239
1871 0.207069642
1758 0.243377878
1767 0.229080111
1744 0.192166686
1738 0.202670227
1777 0.193956415
1749 0.210120575
1705 0.181756805
1865 0.21407522
1801 0.218559909
1746 0.162364845
1738 0.190118651
1867 0.179630424
1704 0.195559036
1806 0.186959686
1823 0.21481728
1839 0.2264083
1741 0.218272722
1725 0.193314799
1824 0.22802841
1888 0.212318684
1784 0.217288729
1719 0.187196658
1803 0.190462712
1731 0.23426016
1770 0.196845502
1809 0.210522617
1721 0.187970737
1697 0.231057833
1719 0.229420473
1774 0.250658872
1818 0.243278935
1888 0.207469652
1828 0.218768528
1778 0.210985323
1822 0.232904088
1667 0.208014004
1777 0.199570866
1935 0.21038801
1848 0.219008457
1754 0.193148241
1772 0.178568902
1733 0.207882764
1785 0.249629123
1800 0.223463559
1845 0.21185527
1799 0.21969811
1736 0.239403725
1752 0.215535535
1723 0.206110082
1724 0.190505008
1689 0.208525844
1745 0.187700945
1762 0.19161738
1759 0.207139252
1796 0.195897894
1839 0.21583076
1832 0.16684717
1720 0.226941287
1894 0.254444161
1726 0.24324168
1884 0.231803348
1726 0.224737732
1760 0.217472808
1865 0.224734998
1807 0.231378245
1728 0.209045143
1703 0.22102692
1692 0.213064997
1853 0.222112313
1776 0.213011216
1706 0.229301592
1793 0.214707103
1838 0.207111256
1723 0.216770027
1761 0.228027619
1879 0.243628625
1757 0.239745253
1709 0.250969203
1768 0.235597898
1829 0.230786111
1800 0.230509484
1812 0.227660026
1877 0.215646297
1877 0.236815993
1759 0.227953778
1841 0.244457669
1799 0.165438255
1816 0.16419425
1738 0.200707506
1841 0.211386829
1728 0.189885802
1818 0.187042152
1800 0.208299658
1935 0.260613062
1677 0.16687937
1828 0.2189204
1789 0.19030979
1770 0.199780722
1724 0.224854
1703 0.188277007
1898 0.209313411
1714 0.215295579
1703 0.23235989
1783 0.206211231
1805 0.196267711
1770 0.253819752
1774 0.31236496
1867 0.219374671
1779 0.236220438
1731 0.2068448
1719 0.219714902
1765 0.253187816
1770 0.235222249
1712 0.233280727
1906 0.196782706
1674 0.167936525
1718 0.230595686
1704 0.251915805
1805 0.203555177
1796 0.212050183
1766 0.253191765
1778 0.205824125
1721 0.21189754
1810 0.154463106
1681 0.223878705
1768 0.236549774
1783 0.231082869
1793 0.189644845
1830 0.221084395
1930 0.194375593
1842 0.204364789
1753 0.181655318
1794 0.242236803
1738 0.194939522
1728 0.201775301
1831 0.194915733
1824 0.266755081
1770 0.19602353
1798 0.204018532
1873 0.22308285
1793 0.201045211
1801 0.19207795
1806 0.249407268
1818 0.244414637
1887 0.175310126
1839 0.242935232
1793 0.191205042
1763 0.189240759
1779 0.242693944
1729 0.177508362
1791 0.225644644
1746 0.295665172
1889 0.187099943
1822 0.284181659
1796 0.250386619
1756 0.238748189
1775 0.208100023
1861 0.199333361
1781 0.20210173
1808 0.180234497
1742 0.213222999
1861 0.189584317
1839 0.179426152
1751 0.198635922
1803 0.242628745
1871 0.218396416
1820 0.229088448
1755 0.261390396
1778 0.260872224
1788 0.217455086
1825 0.229324781
1707 0.20815797
1819 0.224865389
1912 0.28573427
1719 0.233598052
1954 0.197594232
1846 0.189772339
1781 0.251479937
1734 0.210939242
1852 0.170771623
1759 0.246760855
1724 0.191736733
1841 0.219798964
1782 0.19263386
1787 0.190916154
1747 0.258414981
1801 0.210676155
1773 0.159098386
1757 0.220677827
1855 0.228487355
1806 0.24722485
1763 0.237440081
1756 0.242004914
1927 0.218658475
1828 0.184647842
1754 0.177907008
1796 0.171278305
1878 0.176752758
1790 0.193503313
1742 0.245952476
1794 0.206098999
1877 0.247592342
1706 0.225046071
1808 0.196700554
1866 0.183415959
1756 0.237101005
1769 0.24849202
1752 0.208459662
1744 0.218593346
1738 0.204209704
1774 0.195994398
1890 0.210506752
1696 0.262315203
1779 0.229753474
1869 0.23618583
1826 0.199328853
1740 0.243588021
1917 0.268726532
1713 0.228178864
1715 0.221459932
1710 0.233508812
1797 0.219446367
1865 0.190937635
1895 0.186512631
1800 0.184620516
1759 0.20580548
1759 0.208536819
1926 0.250987297
1818 0.244656629
1819 0.220555326
1785 0.17915146
1773 0.161815794
1802 0.215091632
1794 0.237070526
1805 0.214910912
1823 0.24935454
1835 0.179994437
1823 0.193217291
1877 0.206876369
1930 0.211181055
1852 0.204855288
1722 0.199976367
1763 0.187472901
1756 0.211615953
1788 0.225979566
1862 0.204078874
1788 0.211404319
1859 0.212333584
1928 0.211052806
1757 0.185854567
1844 0.202252009
1744 0.24553502
1771 0.228408108
1744 0.216392951
1747 0.214048091
1880 0.217788227
1741 0.233992282
1841 0.267921146
1778 0.173006499
1840 0.223637335
1877 0.190637208
1846 0.215082285
1765 0.199939266
1816 0.199636255
1929 0.229171972
1716 0.216499652
1713 0.209063787
1765 0.190837513
1838 0.23619198
1736 0.171407786
1776 0.232145835
1854 0.224377791
1729 0.199990412
1926 0.201782998
1719 0.205268697
1710 0.20039437
1726 0.220576877
1839 0.212347417
1781 0.282340158
1781 0.222873786
1786 0.166991687
1764 0.174092299
1890 0.215516342
1942 0.214660667
1843 0.233614435
1806 0.211734402
1779 0.17326295
1826 0.213726466
1805 0.206036967
1804 0.223612172
1863 0.278925764
1705 0.229425843
1754 0.233332004
1724 0.237552138
1742 0.21039915
1663 0.238943167
1893 0.250270524
1817 0.19738508
1725 0.22512859
1869 0.198170953
1787 0.220631195
1863 0.203047522
1821 0.238918696
1869 0.230891222
1738 0.218670712
1795 0.200020625
1694 0.232177471
1800 0.26247021
1784 0.216485642
1894 0.234821942
1740 0.237966566
1779 0.199935075
1758 0.229536916
1803 0.183207067
1727 0.204003053
1773 0.24045511
1916 0.194000277
1843 0.217798629
1743 0.20680553
1830 0.223192728
1807 0.214598415
1741 0.21306347
1854 0.222242115
1759 0.215280548
1829 0.208799192
1800 0.204682301
1792 0.253339805
1752 0.216264971
1808 0.188457033
1810 0.268070308
1737 0.241311932
1799 0.221272849
1913 0.251777785
1869 0.22283844
1833 0.292723282
1868 0.233424573
1735 0.223051782
1805 0.199932634
1745 0.20463683
1847 0.228664294
1823 0.228082405
1827 0.22686043
1805 0.240496281
1680 0.194388163
1698 0.255233363
1677 0.222004275
1722 0.210323887
1719 0.183184567
1925 0.182010522
1687 0.25831283
1712 0.210406423
1734 0.214010887
1817 0.203711037
1868 0.200185782
1748 0.202926092
1862 0.161688292
1741 0.182586832
1902 0.185208932
1847 0.18304771
1705 0.227945192
1785 0.167007061
1736 0.254060293
1833 0.224120002
1729 0.213391015
1826 0.2264658
1819 0.199082439
1746 0.240144598
1781 0.193076632
1751 0.225464456
1850 0.189817913
1858 0.227055999
1902 0.23299986
1760 0.212452664
1789 0.252240867
1853 0.248759614
1796 0.180907642
1826 0.251826053
1768 0.26439442
1680 0.25676689
1806 0.220655223
1774 0.206308165
1816 0.277310141
1808 0.213853945
1718 0.248663869
1711 0.217981409
1833 0.237131494
1769 0.205269774
1802 0.211302631
1770 0.236797876
1749 0.219143591
1798 0.243886893
1811 0.198335949
1750 0.191522694
1847 0.229876911
1824 0.272243552
1918 0.241478369
1886 0.205613934
1799 0.281985467
1701 0.253721651
1687 0.198245842
1726 0.202703147
1893 0.181993738
1793 0.27206191
1717 0.212353988
1846 0.222578807
1761 0.245723801
1763 0.22347928
1805 0.247879212
1762 0.24134077
1734 0.212100129
1847 0.236966594
1801 0.210611741
1848 0.216939285
1817 0.236804479
1753 0.183875799
1725 0.22963736
1792 0.218126112
1840 0.216773905
1810 0.218169035
1878 0.226330311
1847 0.184205594
1733 0.185987876
1688 0.216648804
1851 0.201932499
1733 0.189072024
1894 0.206027523
1796 0.221703018
1808 0.243998523
1702 0.171578951
1760 0.212352483
1812 0.217836694
1794 0.219876761
1709 0.233924629
1815 0.213112451
1789 0.222508833
1735 0.220238582
1807 0.229834166
1671 0.224322205
1769 0.189228842
1850 0.218748662
1829 0.178967527
1722 0.189427701
1753 0.162257309
1796 0.191002583
1725 0.222969491
1766 0.209059631
1723 0.208408571
1797 0.194248194
1809 0.190871729
1828 0.202621546
1862 0.195220586
1710 0.18239417
1750 0.193677383
1728 0.211153644
1843 0.214976305
1798 0.219294916
1710 0.245880554
1805 0.213651428
1847 0.219784909
1761 0.210828908
1771 0.209172026
1822 0.225875223
1719 0.181601854
1759 0.227224221
1804 0.187292559
1691 0.207799242
1772 0.231497802
1780 0.207915984
1780 0.170928218
1806 0.221735244
1743 0.199940689
1692 0.206947816
2006 0.204891807
1800 0.210556516
1862 0.193992036
1801 0.181989063
1888 0.229762725
1836 0.22199722
1835 0.191045342
1805 0.243529631
1913 0.229602159
1826 0.194298093
1747 0.231511612
1806 0.218622633
1768 0.214077169
1928 0.213093376
1817 0.1968809
1772 0.215091183
1818 0.19042249
1876 0.198724209
1756 0.184362826
1705 0.226386849
1825 0.195566943
1825 0.186990011
1772 0.187262651
1842 0.210112679
1896 0.199571954
1763 0.231608477
1754 0.22799717
1825 0.188448726
1730 0.21148752
1865 0.196125629
1855 0.172964406
1727 0.224341992
1675 0.25731671
1731 0.24800729
1799 0.213707189
1828 0.248763552
1867 0.213919827
1781 0.222242128
1729 0.22640659
1826 0.207307702
1868 0.26884773
1683 0.214583316
1772 0.194394699
1877 0.254585337
1819 0.218978966
1794 0.225264883
1808 0.184165222
1726 0.189921563
1782 0.240241416
1762 0.337312152
1742 0.215062953
1876 0.21674897
1866 0.230161679
1775 0.215799723
1723 0.198620998
1807 0.2122167
1830 0.221047438
1747 0.20019162
1714 0.231226898
1684 0.19902789
1788 0.217945325
1815 0.187262715
1802 0.190304661
1767 0.205416621
1808 0.21418962
1670 0.189544833
1778 0.23145331
1699 0.199500035
1724 0.211314242
1828 0.190235106
1847 0.165242051
1836 0.202443977
1836 0.209433235
1860 0.255105071
1698 0.192076205
1760 0.172826124
1761 0.263276506
1835 0.242313671
1796 0.220690879
1780 0.224502551
1722 0.219375303
1833 0.256956578
1707 0.286434893
1748 0.232177798
1704 0.189156635
1806 0.243186629
1802 0.262773567
1824 0.26953875
1829 0.242314961
1766 0.219491773
1922 0.199069683
1782 0.208773006
1857 0.19790431
1713 0.194280205
1726 0.186749294
1772 0.205837189
1820 0.234181303
1791 0.207512952
1779 0.195922
1815 0.17419896
1677 0.21569436
1833 0.242294466
1876 0.2238646
1803 0.204178197
1839 0.222622536
1818 0.198108347
1699 0.202309503
1835 0.18305479
1753 0.225355528
1741 0.181119459
1824 0.239773647
1777 0.218210565
1688 0.208400926
1825 0.234363652
1890 0.209154492
1793 0.232511942
1856 0.235363221
1893 0.206733507
1750 0.195149071
1733 0.209666825
1803 0.233360526
1898 0.209467455
1804 0.231834613
1730 0.242026992
1818 0.20345045
1803 0.218729584
1928 0.173715705
1777 0.222647148
1694 0.209956273
1794 0.234071128
1771 0.216695659
1753 0.295172863
1750 0.237779567
1773 0.224287792
1849 0.205828789
1709 0.189730927
1667 0.211257448
1833 0.222673451
1844 0.232998971
1871 0.186892067
1893 0.242745733
1844 0.191544199
1756 0.228130862
1756 0.241172465
1710 0.228885527
1765 0.181660656
1755 0.220939807
1746 0.230218953
1809 0.223197896
1740 0.200208234
1807 0.205579361
1778 0.241472819
1800 0.245099846
1706 0.266651933
1775 0.195138884
1904 0.249243412
1819 0.197042645
1833 0.304513482
1728 0.226035897
1794 0.228015786
1716 0.225638563
1783 0.223811791
1706 0.228075981
1767 0.234864865
1827 0.250766538
1788 0.238870657
1788 0.180149531
1752 0.262381634
1786 0.234043818
1824 0.227151842
1769 0.214585368
1845 0.191690663
1787 0.217445127
1767 0.214325476
1866 0.267359602
1859 0.197784038
1709 0.217689568
1814 0.244441882
1734 0.223736689
1811 0.201069851
1799 0.19539136
1719 0.199229595
1813 0.215118833
1772 0.238081329
1838 0.201338491
1719 0.203943037
1841 0.21177296
1820 0.213814816
1862 0.163846797
1827 0.187366438
1806 0.219505472
1760 0.19320385
1825 0.219441175
1883 0.190238191
1779 0.23102477
1706 0.230746162
1762 0.232224806
1822 0.230591449
1875 0.24232128
1842 0.214385872
1818 0.1820301
1803 0.200396447
1813 0.211611143
1732 0.246494068
1801 0.166894982
1748 0.230483587
1756 0.225480247
1856 0.192207513
1758 0.216797902
1793 0.210901095
1763 0.20898185
1821 0.213116533
1810 0.210290987
1785 0.214093406
1836 0.224867642
1809 0.240978766
1820 0.221854794
1822 0.187307279
1740 0.232658672
1909 0.176990232
1818 0.257488332
1731 0.238873946
1778 0.198615371
1746 0.213037181
1725 0.193323514
1798 0.186709675
1820 0.212269948
1844 0.212347517
1717 0.188014434
1856 0.20644821
1901 0.19130726
1870 0.193145006
1711 0.189823347
1830 0.195213845
1755 0.192529226
1840 0.190188982
1727 0.209633852
1743 0.20886647
1717 0.24584773
1852 0.239006993
1725 0.21708276
1732 0.178511533
1861 0.197182073
1721 0.207956647
1732 0.224410454
1725 0.242136648
1766 0.185251167
1705 0.221559771
1701 0.218051381
1843 0.18288309
1716 0.229111455
1755 0.269892621
1949 0.197338555
1743 0.157871941
1844 0.162060696
1909 0.231664749
1828 0.255989044
1868 0.223140127
1758 0.234330449
1802 0.257162909
1709 0.199801247
1710 0.200990785
1937 0.235130111
1736 0.223056192
1784 0.24445881
1847 0.219170749
1869 0.218679693
1722 0.205903013
1835 0.192046115
1746 0.205602539
1755 0.207246615
1799 0.181021862
1758 0.223880607
1748 0.200234995
1754 0.249039847
1804 0.194538902
1852 0.249260896
1756 0.204147461
1772 0.214824855
1808 0.225039612
1844 0.220175082
1824 0.19564903
1722 0.206310158
1675 0.201553257
1803 0.195770644
1822 0.25110285
1883 0.198924493
1888 0.200111584
1712 0.214312863
1792 0.214106989
1782 0.21087751
1881 0.231704715
1810 0.235244556
1796 0.198810126
1752 0.226776717
1825 0.219826331
1759 0.218998492
1828 0.204391119
1881 0.222598544
1835 0.23397248
1765 0.192182429
1709 0.21166938
1763 0.225396131
1766 0.251194753
1851 0.224304208
1741 0.245468576
1736 0.201169875
1816 0.200571708
1757 0.213052068
1851 0.218259661
1711 0.19147371
1796 0.28144858
1814 0.229315652
1732 0.243992658
1699 0.229849704
1810 0.268263326
1692 0.215880623
1785 0.179032069
1736 0.222166362
1789 0.208159719
1849 0.236578609
1704 0.237576967
1721 0.197571457
1698 0.22283712
1774 0.252469768
1724 0.238533795
1725 0.251758632
1749 0.199432994
1705 0.204547222
1813 0.189321624
1795 0.257355856
1700 0.221346165
1793 0.234870126
1814 0.2394038
1715 0.218078088
1700 0.256803009
1819 0.20100933
1714 0.206566217
1817 0.24756409
1738 0.222626488
1759 0.18733041
1757 0.189012044
1830 0.217078908
1700 0.252095567
1708 0.198014791
1785 0.20698077
1918 0.235526264
1875 0.214820592
1796 0.210308707
1809 0.213047951
1813 0.221977872
1811 0.229472693
1736 0.201310689
1868 0.26464685
1790 0.275075725
1715 0.323010644
1911 0.242646308
1855 0.231644324
1797 0.19896666
1822 0.282163431
1710 0.226638486
1815 0.21488565
1779 0.216840259
1835 0.224861672
1745 0.181782482
1706 0.198330561
1801 0.233274624
1858 0.23080513
1780 0.213283295
1841 0.248668915
1778 0.229983896
1815 0.236246588
1686 0.204184835
1834 0.200155862
1714 0.259786855
1694 0.199779942
1812 0.183544706
1793 0.198392487
1820 0.243710666
1691 0.247201031
1715 0.233791052
1787 0.228423783
1829 0.218205688
1787 0.274300817
1858 0.224160605
1748 0.204136185
1769 0.212521977
1882 0.266494124
1759 0.199300098
1697 0.203555223
1680 0.176309673
1897 0.168247451
1817 0.222886631
1859 0.221476903
1757 0.20837666
1872 0.220609233
1854 0.189077577
1691 0.239893069
1830 0.227620212
1758 0.220938812
1904 0.248733856
1787 0.223769774
1666 0.246123593
1766 0.251994827
1771 0.182936758
1766 0.207009885
1822 0.193512563
1774 0.251202849
1832 0.249136158
1773 0.200396119
1789 0.240949988
1720 0.256948192
1804 0.204140791
1839 0.195737098
1873 0.201329768
1824 0.190432049
1772 0.206466042
1782 0.179299339
1799 0.26954534
1723 0.217345499
1784 0.247562775
1865 0.221886392
1817 0.252462115
1777 0.217980859
1836 0.180289419
1824 0.255456238
1796 0.207132235
1719 0.201291466
1748 0.216389443
1778 0.248663314
1853 0.235384349
1793 0.25116898
1791 0.201349747
1700 0.202867602
1762 0.164751573
1803 0.230292719
1708 0.26234233
1791 0.221517174
1833 0.194832891
1912 0.213302327
1714 0.205034859
1763 0.212837029
1820 0.209360658
1707 0.195690261
1684 0.1891775
1738 0.217804054
1769 0.227197726
1699 0.186835453
1737 0.230529385
1701 0.228669744
1815 0.235376965
1731 0.201895494
1781 0.203586397
1787 0.205012616
1833 0.21525676
1891 0.213430223
1789 0.215600047
1735 0.215912481
1747 0.234340746
1852 0.204833303
1798 0.204493493
1843 0.234020664
1757 0.222392983
1844 0.19871439
1890 0.226108403
1692 0.204551723
1785 0.252065393
1780 0.210443718
1818 0.198585276
1754 0.185434546
1704 0.22646049
1848 0.173971858
1781 0.234274163
1721 0.211555724
1786 0.205952662
1731 0.255606535
1758 0.204184681
1742 0.222924053
1815 0.214547384
1777 0.182744151
1817 0.210631449
1766 0.238761729
1743 0.219118698
1706 0.183422383
1725 0.214433692
1835 0.240346111
1826 0.220685544
1824 0.194566839
1833 0.232528273
1882 0.184057687
1861 0.256221416
1803 0.230651625
1765 0.207568885
1760 0.191977047
1848 0.245203006
1857 0.228586262
1790 0.218118036
1764 0.229590247
1758 0.202660443
1663 0.252539822
1733 0.146362905
1848 0.192386449
1735 0.171931374
1809 0.215128335
1746 0.217430474
1826 0.195771259
1833 0.188993208
1681 0.221638411
1740 0.219059611
1864 0.19139849
1682 0.196356046
1749 0.192524051
1890 0.212041172
1864 0.254379572
1814 0.224322086
1679 0.236948494
1732 0.195681011
1886 0.18815315
1818 0.254782389
1850 0.214771903
1801 0.176218453
1819 0.203406033
1751 0.213864305
1799 0.185860676
1786 0.183078224
1748 0.251561397
1893 0.21411549
1736 0.219509904
1695 0.236586572
1733 0.202799994
1786 0.205876891
1755 0.311333825
1771 0.177887679
1779 0.301720298
1676 0.180326494
1718 0.227274936
1827 0.248921084
1778 0.229203109
1803 0.242104885
1846 0.227174409
1775 0.19732422
1855 0.249468901
1883 0.210630643
1664 0.212523848
1836 0.211297576
1751 0.270710207
1663 0.20829679
1869 0.238205396
1816 0.269987371
1859 0.222973458
1897 0.203463201
1739 0.24401778
1803 0.228282339
1803 0.160142412
1700 0.235643229
1899 0.189489793
1748 0.215717202
1831 0.212098022
1864 0.22961261
1752 0.206229197
1760 0.216208182
1887 0.251401159
1771 0.203391463
1899 0.243474388
1837 0.20137485
1759 0.25091022
1710 0.248179899
1745 0.192840912
1849 0.24000404
1732 0.203223076
1828 0.222141555
1847 0.225093713
1829 0.226197698
1751 0.206520891
1696 0.211893238
1754 0.221283514
1759 0.167379564
1739 0.196373646
1883 0.190084071
1785 0.292126645
1851 0.259457895
1740 0.332333322
1821 0.233021307
1807 0.231769506
1799 0.229730647
1742 0.215571444
1745 0.18244613
1793 0.199574208
1839 0.219006233
1883 0.189390404
1863 0.22679177
1760 0.232324091
1843 0.230341176
1708 0.213241413
1858 0.250860671
1707 0.239543023
1819 0.205595039
1838 0.22031269
1778 0.234762234
1855 0.184685275
1906 0.210374164
1836 0.23882878
1749 0.19623336
1837 0.199953483
1807 0.185285415
1841 0.252747403
1820 0.186983636
1695 0.167942956
1905 0.210911925
1789 0.253064842
1781 0.209869194
1721 0.20180035
1781 0.298297695
1769 0.228436451
1794 0.219485575
1842 0.273402314
1797 0.223632051
1874 0.229614262
1800 0.209813031
1849 0.164855844
1741 0.23852541
1724 0.163187362
1863 0.207122425
1793 0.230643859
1822 0.206621981
1724 0.214585907
1794 0.197064855
1760 0.210349094
1748 0.229479312
1766 0.207473007
1829 0.234080836
1856 0.253554028
1746 0.200462196
1684 0.197917127
1802 0.235195195
1709 0.223107983
1861 0.232710138
1820 0.194584258
1821 0.230463644
1821 0.198055635
1871 0.254612956
1814 0.247519578
1839 0.215477768
1758 0.224375531
1853 0.215077792
1863 0.222650915
1796 0.195477884
1895 0.181747535
1774 0.196066532
1918 0.256180825
1833 0.265724369
1890 0.192420434
1794 0.200222054
1901 0.186264094
1716 0.222476041
1748 0.212351181
1848 0.188964478
1757 0.208408251
1809 0.201735447
1905 0.209860084
1817 0.231705727
1750 0.196280531
1865 0.220591734
1770 0.207344876
1833 0.241890459
1844 0.197183831
1963 0.23535229
1945 0.218434443
1822 0.196118403
1789 0.191340339
1679 0.219174017
1774 0.217718411
1737 0.226651776
1745 0.232497401
1865 0.214048889
1824 0.211066558
1838 0.192831608
1732 0.224209792
1823 0.227666277
1747 0.227603752
1758 0.195268579
1794 0.215100848
1780 0.242321129
1759 0.206187682
1875 0.210261484
1789 0.217013103
1865 0.170986404
1754 0.210736164
1709 0.228771804
1772 0.24137417
1881 0.231856172
1784 0.235237416
1876 0.241410792
1748 0.232293372
1855 0.233226226
1763 0.191705798
1744 0.220407777
1856 0.226726493
1899 0.239136263
1798 0.186365136
1940 0.259557166
1772 0.239949022
1903 0.217409092
1828 0.259242104
1890 0.225189285
1751 0.197317493
1815 0.217501638
1696 0.23278093
1848 0.204432507
1816 0.259524139
1883 0.249279482
1703 0.197172728
1713 0.201946199
1847 0.222967347
1847 0.194152488
1752 0.223568999
1848 0.157631106
1810 0.265167546
1889 0.185163766
1819 0.18755064
1719 0.220450583
1779 0.244585262
1771 0.205779565
1733 0.223876145
1752 0.198143759
1833 0.210494719
1801 0.220647541
1804 0.233522108
1872 0.224809222
1777 0.231696867
1746 0.223768812
1844 0.248220347
1748 0.22515845
1874 0.201527163
1858 0.225784537
1829 0.216137714
1829 0.238082042
1905 0.213985995
1817 0.228015103
1769 0.225003511
1845 0.18623694
1816 0.211389081
1755 0.237169126
1799 0.227660227
1902 0.198569397
1780 0.2389246
1738 0.222760089
1848 0.207842171
1745 0.192713387
1811 0.203404017
1832 0.180608995
1857 0.216928332
1767 0.223104969
1809 0.234439217
1745 0.224046489
1715 0.193796244
1788 0.224043493
1748 0.220199244
1790 0.263084848
1846 0.246465104
1828 0.218327177
1786 0.210614448
1874 0.229499895
1826 0.206466665
1740 0.217771014
1713 0.227582399
1756 0.206805108
1716 0.165589934
1846 0.211588593
1746 0.219174439
1862 0.168356354
1689 0.157657747
1876 0.236088753
1913 0.221886389
1804 0.243936345
1766 0.231315922
1764 0.178800186
1820 0.196580404
1843 0.214864283
1740 0.21339941
1809 0.246284243
1844 0.221833788
1875 0.201214184
1868 0.244997776
1824 0.218556191
1770 0.19157539
1795 0.20889246
1870 0.165398026
1765 0.218356749
1874 0.203205425
1760 0.260201399
1739 0.179469004
1793 0.196119208
1838 0.197560702
1831 0.224503901
1861 0.208917638
1880 0.224357036
1880 0.240325306
1770 0.193188657
1847 0.204036976
1709 0.222774773
1843 0.224528465
1698 0.247676567
1879 0.239792641
1887 0.262603758
1806 0.176919491
1873 0.282063814
1792 0.235444862
1778 0.211279893
1723 0.259774597
1810 0.203432915
1793 0.236030225
1817 0.188365554
1711 0.198584571
1816 0.203815708
1765 0.203715811
1813 0.23385649
1763 0.177085701
1666 0.185648258
1787 0.239261731
1844 0.290428654
1760 0.245711866
1772 0.194219733
1741 0.200718681
1731 0.222363838
1929 0.261441391
1740 0.286103747
1831 0.256654549
1766 0.288066457
1733 0.240267206
1684 0.17485963
1809 0.320291979
1758 0.218095602
1770 0.206393305
1909 0.204349517
1762 0.246883105
1782 0.254523544
1842 0.218951077
1773 0.211163596
1763 0.198439936
1817 0.188869632
1745 0.204813248
1786 0.21505287
1791 0.206228983
1751 0.221160422
1780 0.193291915
1812 0.221579147
1788 0.230737506
1819 0.247200385
1756 0.185622285
1748 0.211037318
1815 0.186944443
1827 0.207380928
1798 0.211750575
1765 0.238856132
1894 0.216292789
1778 0.233602704
1803 0.17039115
1772 0.236388075
1724 0.210370681
1833 0.201183859
1777 0.202390006
1717 0.239234211
1754 0.195045732
1782 0.231649774
1721 0.198332826
1794 0.231031087
1870 0.235894801
1749 0.206654737
1808 0.18812134
1846 0.234293804
1676 0.20605833
1803 0.219778173
1759 0.22021455
1770 0.181173667
1796 0.173177008
1741 0.187283914
1806 0.226737668
1807 0.210119836
1742 0.222685123
1837 0.252189986
1712 0.221887716
1881 0.203130856
1760 0.242705591
1829 0.221941778
1800 0.219046898
1804 0.204384806
1859 0.17802481
1850 0.249062195
1774 0.169099796
1797 0.212077765
1785 0.22227556
1844 0.23111737
1761 0.16092922
1849 0.187165683
1816 0.227342046
1734 0.226277773
1754 0.185145783
1751 0.224494291
1776 0.214512413
1768 0.216323838
1822 0.199038546
1761 0.225879507
1801 0.255238469
1785 0.191189554
1832 0.227977965
1757 0.226418179
1815 0.200269958
1750 0.252218157
1674 0.228545827
1825 0.196944838
1709 0.192145653
1767 0.219741007
1895 0.178552542
1769 0.237258869
1737 0.2341535
1769 0.196547901
1814 0.221047887
1799 0.247039834
1667 0.226272854
1714 0.210835942
1861 0.202553995
1848 0.220427974
1802 0.221422315
1845 0.210369729
1693 0.242107318
1713 0.215565007
1765 0.230125539
1704 0.237187498
1846 0.238924145
1745 0.223986584
1845 0.220825347
1777 0.215396258
1715 0.195916216
1774 0.186521392
1817 0.185792204
1855 0.196689014
1792 0.209935197
1735 0.200900508
1822 0.237802956
1841 0.235472421
1810 0.257503677
1799 0.236855141
1696 0.222561809
1706 0.179265186
1891 0.214644447
1723 0.244359025
1708 0.205481214
1773 0.14805344
1747 0.208629927
1737 0.19874009
1797 0.241591368
1808 0.208902004
1708 0.211465251
1666 0.215207952
1754 0.249616567
1709 0.209917542
1791 0.211581841
1806 0.200570349
1834 0.227222221
1861 0.225821601
1815 0.230924073
1808 0.193270951
1825 0.234334297
1740 0.196850487
1853 0.17338237
1726 0.229706055
1793 0.227546521
1779 0.230616993
1887 0.21266772
1799 0.185095515
1791 0.229946898
1780 0.190752296
1738 0.202246914
1751 0.190833999
1822 0.250110585
1813 0.228209202
1833 0.233781834
1824 0.213896562
1869 0.24314558
1763 0.255216209
1767 0.236251335
1896 0.223445844
1693 0.27269326
1784 0.237207584
1822 0.24715986
1803 0.244927235
1824 0.18073284
1789 0.255163454
1853 0.232355575
1841 0.207059822
1716 0.250217356
1812 0.213616502
1764 0.209342474
1790 0.209917538
1816 0.253049074
1725 0.217418433
1845 0.243398194
1891 0.235681111
1872 0.167723669
1741 0.229377885
1765 0.225029608
1758 0.230561737
1850 0.231240157
1857 0.239635054
1867 0.226957685
1739 0.197440807
1702 0.206495253
1898 0.216077713
1834 0.190224851
1818 0.206468614
1772 0.192358472
1837 0.200070618
1813 0.237808756
1776 0.22897199
1757 0.190771111
1849 0.21481573
1727 0.267243668
1782 0.292770656
1753 0.246218664
1833 0.229188895
1847 0.194965973
1778 0.214823624
1713 0.219937441
1798 0.227565941
1718 0.192868805
1851 0.258133808
1803 0.270927362
1750 0.246642648
1799 0.305092145
1832 0.289628104
1747 0.209058266
1881 0.263994356
1854 0.197809696
1809 0.227070931
1880 0.226832766
1769 0.229861999
1775 0.241486853
1824 0.234687076
1694 0.251642466
1890 0.210808589
1779 0.215042939
1785 0.245316118
1806 0.236383183
1754 0.18741469
1774 0.258741208
1819 0.197980286
1696 0.23356312
1693 0.19901316
1724 0.194656066
1682 0.186302128
1848 0.239419258
1780 0.233255069
1832 0.237372235
1810 0.175989215
1736 0.18317582
1743 0.190543591
1817 0.205677641
1802 0.202309424
1805 0.206719797
1840 0.242775653
1735 0.223730042
1790 0.20793032
1729 0.252489421
1737 0.176236857
1733 0.199056718
1822 0.165392056
1676 0.20565373
1933 0.157921269
1842 0.22997476
1780 0.184432734
1825 0.205360032
1707 0.208536824
1856 0.219733504
1832 0.202101302
1712 0.211020861
1820 0.211820831
1767 0.183696781
1779 0.214185986
1739 0.22976147
1807 0.207367266
1826 0.277699052
1831 0.229822246
1823 0.19256385
1749 0.185568737
1774 0.212088371
1773 0.217262559
1778 0.176935128
1816 0.250016102
1744 0.222149782
1858 0.213925938
1724 0.21496064
1809 0.23227011
1902 0.186517772
1803 0.221949555
1781 0.218117539
1720 0.196929711
1779 0.159851649
1760 0.18206677
1803 0.222690748
1709 0.196733418
1714 0.214591081
1754 0.237093945
1785 0.19597822
1860 0.196252832
1860 0.231430031
1749 0.210535363
1769 0.207988457
1897 0.202105481
1707 0.221288147
1714 0.221907803
1740 0.189066014
1789 0.218171975
1792 0.224680932
1809 0.221115548
1786 0.199560417
1767 0.205955307
1716 0.179944012
1777 0.191988006
1944 0.195245082
1720 0.233416448
1746 0.157861826
1833 0.193248889
1781 0.210460763
1717 0.259083411
1764 0.221968523
1819 0.171117398
1862 0.186637928
1830 0.225734424
1788 0.213484163
1715 0.220566826
1898 0.221981209
1782 0.182063947
1735 0.181879687
1749 0.202837194
1829 0.242470565
1755 0.198031724
1729 0.23552946
1894 0.234812715
1748 0.205786595
1753 0.187680613
1783 0.225169531
1767 0.235066117
1808 0.232847487
1892 0.18234255
1670 0.258519194
1861 0.206578166
1797 0.225499728
1756 0.20037978
1784 0.187393234
1782 0.204642285
1706 0.233783648
1790 0.248811464
1699 0.190068739
1739 0.221517122
1781 0.21115692
1827 0.220922494
1956 0.231164345
1782 0.181147914
1736 0.247724796
1780 0.207495735
1828 0.178254135
1799 0.21143205
1790 0.193063949
1753 0.21227852
1788 0.226880613
1805 0.242244075
1875 0.22295469
1834 0.201104022
1760 0.221119419
1706 0.248329363
1784 0.154191141
1730 0.231613476
1731 0.195794498
1788 0.229497111
1740 0.175863264
1720 0.208081768
1913 0.196991129
1905 0.184468881
1766 0.234538412
1889 0.206316309
1835 0.233944925
1817 0.209748241
1733 0.239450478
1789 0.220672011
1821 0.218967604
1743 0.19548084
1876 0.235867461
1804 0.204471464
1694 0.16785405
1806 0.218670714
1778 0.196262293
1768 0.259723896
1676 0.207583822
1859 0.212698303
1832 0.231549914
1734 0.21178308
1768 0.224762192
1784 0.244456451
1784 0.222824781
1778 0.226316275
1788 0.230231975
1755 0.220608587
1820 0.213435172
1800 0.234406901
1746 0.238921102
1797 0.254200707
1820 0.220508197
1835 0.310032317
1920 0.24121251
1816 0.218915241
1845 0.280276556
1747 0.193195203
1788 0.257019434
1789 0.243269751
1759 0.236534576
1857 0.221262617
1762 0.274087928
1694 0.262121532
1777 0.227246172
1765 0.236654211
1778 0.224940766
1833 0.24596555
1807 0.203283205
1878 0.222080048
1861 0.217296368
1861 0.233179828
1844 0.198811618
1741 0.196821712
1805 0.239608227
1740 0.22996893
1844 0.222176508
1860 0.195005778
1760 0.179719292
1791 0.186209667
1703 0.19329102
1746 0.243768412
1778 0.194663611
1714 0.245366842
1838 0.229367874
1744 0.234254187
1846 0.227900362
1877 0.198135824
1766 0.218055498
1839 0.198711124
1751 0.252637878
1746 0.261850052
1754 0.223084429
1868 0.257675218
1837 0.242787568
1757 0.159817439
1886 0.195772523
1778 0.280051479
1773 0.210582627
1787 0.22849174
1796 0.269376441
1810 0.268155483
1694 0.225581683
1861 0.260323079
1782 0.174165859
1698 0.297719948
1863 0.227478026
1802 0.213006339
1800 0.218372115
1739 0.203957267
1818 0.231562987
1769 0.272573519
1750 0.243403767
1769 0.247103954
1801 0.212885623
1703 0.273115
1724 0.226391498
1782 0.18653447
1804 0.198113802
1919 0.217655735
1898 0.216657855
1892 0.240196591
1751 0.223147414
1882 0.218651815
1774 0.186346635
1841 0.220944291
1816 0.222510409
1874 0.22781243
1799 0.314658789
1810 0.249805945
1839 0.155181424
1771 0.209719751
1733 0.243441378
1804 0.201563205
1745 0.20246446
1799 0.250182228
1793 0.23407043
1790 0.23383669
1747 0.219817655
1859 0.260412901
1734 0.220551118
1765 0.225880518
1826 0.229897355
1820 0.207936902
1859 0.249403356
1716 0.282491348
1877 0.219052489
1682 0.176682454
1909 0.223466127
1888 0.231902239
1850 0.21616847
1853 0.193727612
1837 0.230261322
1864 0.240361224
1805 0.206374374
1705 0.208213152
1769 0.218102135
1701 0.233938395
1783 0.196699916
1824 0.18747624
1805 0.214242964
1791 0.239915461
1761 0.208926049
1778 0.218846494
1818 0.272757391
1778 0.215804183
1802 0.22036679
1835 0.206008324
1740 0.197266145
1769 0.23451627
1722 0.205719008
1903 0.222372457
1721 0.209999038
1771 0.228317091
1702 0.191892863
1789 0.222599507
1794 0.21661291
1705 0.225600383
1841 0.167096697
1780 0.235257696
1667 0.224802554
1737 0.185567983
1737 0.227117827
1801 0.208833652
1847 0.18495901
1836 0.214980341
1757 0.187146319
1731 0.171822328
1803 0.21915175
1791 0.230843681
1788 0.227015203
1708 0.259823477
1713 0.237854151
1821 0.223119135
1903 0.211489795
1912 0.216367288
1751 0.212834336
1758 0.218230112
1782 0.250888147
1730 0.201876262
1757 0.230764588
1784 0.221689529
1765 0.205057441
1721 0.241675578
1708 0.225301141
1776 0.22722933
1737 0.243775914
1817 0.239110247
1852 0.184243803
1702 0.206572142
1880 0.195765869
1804 0.245643168
1761 0.22726807
1888 0.211297678
1707 0.262305915
1768 0.204526881
1811 0.210081493
1814 0.195998764
1822 0.188346282
1715 0.216391217
1851 0.227459751
1759 0.246692228
1711 0.226934587
1743 0.163049496
1761 0.208355887
1810 0.235325554
1780 0.230242531
1722 0.215408276
1727 0.194108698
1736 0.244912929
1833 0.218027692
1827 0.18965097
1764 0.192168794
1732 0.2178327
1829 0.190107797
1754 0.224078622
1772 0.227721293
1792 0.234590315
1797 0.216261031
1749 0.22313527
1754 0.182738468
1937 0.209301376
1769 0.201228301
1784 0.227683704
1764 0.209463587
1805 0.207709358
1737 0.229294005
1734 0.240331502
1842 0.239168193
1798 0.219383768
1869 0.221863029
1858 0.213872265
1771 0.198862269
1794 0.23529157
1778 0.199034968
1800 0.266731017
1778 0.257259108
1780 0.257621866
1790 0.196580022
1748 0.234573054
1859 0.269525626
1815 0.217543254
1736 0.224460891
1812 0.257929522
1800 0.24191741
1825 0.225743931
1810 0.224590964
1874 0.207027163
1690 0.199476875
1876 0.21153194
1774 0.221968926
1805 0.219022774
1829 0.228225045
1863 0.247578549
1801 0.227018191
1774 0.222790045
1729 0.355679103
1787 0.241202235
1800 0.185151156
1734 0.198198127
1845 0.194860597
1732 0.185413988
1704 0.183575756
1833 0.225669325
1791 0.22483201
1803 0.20422757
1807 0.191728232
1907 0.1789498
1743 0.204988034
1888 0.20733799
1758 0.209110758
1732 0.227955499
1777 0.226875227
1792 0.172664831
1765 0.198576626
1778 0.213229101
1871 0.230428245
1761 0.179879918
1709 0.218813687
1751 0.199132443
1844 0.231765854
1770 0.241955259
1775 0.207199315
1806 0.231580957
1736 0.244146209
1773 0.235856868
1882 0.229928867
1756 0.21337171
1817 0.236323778
1779 0.234281766
1795 0.212284548
1726 0.210619374
1758 0.230593688
1865 0.185950724
1761 0.168888564
1784 0.215665398
1921 0.215985893
1784 0.221099069
1707 0.235751837
1745 0.210412617
1708 0.217793426
1694 0.214695147
1753 0.349817702
1754 0.235633965
1778 0.231214499
1784 0.204614867
1805 0.215198544
1824 0.192554516
1815 0.182473547
1786 0.240889764
1818 0.196994374
1762 0.193125611
1837 0.197408684
1817 0.217582062
1829 0.224929072
1709 0.210243487
1718 0.25384517
1722 0.23914724
1764 0.200327517
1838 0.264411066
1797 0.197117601
1937 0.259332273
1819 0.255551593
1757 0.238817023
1926 0.206067653
1683 0.203846932
1734 0.225349513
1775 0.211187558
1761 0.242637651
1831 0.174359765
1695 0.217222814
1771 0.183968853
1754 0.265745714
1829 0.17559784
1808 0.211963719
1696 0.190310549
1732 0.2245452
1846 0.192964709
1851 0.265674278
1703 0.22567761
1786 0.208548166
1819 0.213354547
1704 0.244325299
1726 0.181499323
1799 0.199994488
1749 0.190726873
1905 0.216458746
1796 0.190404
1781 0.224649967
1806 0.241387377
1754 0.195886343
1855 0.226090736
1757 0.217376138
1730 0.213656745
1776 0.171678964
1668 0.189227263
1869 0.217679437
1754 0.243881785
1754 0.180605384
1764 0.218616827
1816 0.212190687
1700 0.260986245
1800 0.184104675
1821 0.16745254
1803 0.192261892
1846 0.185990679
1735 0.232247774
1818 0.216147015
1689 0.220792888
1814 0.195465905
1886 0.16679081
1821 0.209758479
1672 0.156411857
1737 0.202524386
1765 0.207240744
1745 0.241603783
1706 0.202162979
1737 0.175614206
1723 0.201409907
1689 0.194468585
1860 0.216177889
1766 0.16806772
1846 0.185029391
1837 0.242040531
1854 0.197321894
1694 0.275133882
1801 0.212722926
1793 0.206297388
1819 0.180350293
1872 0.188578668
1737 0.231123761
1857 0.218662623
1811 0.223135416
1851 0.193026338
1833 0.190105242
1783 0.176873644
1688 0.218765639
1924 0.194590545
1696 0.217694526
1810 0.238952015
1993 0.230645121
1762 0.237656425
1790 0.203193071
1704 0.250764661
1832 0.251280194
1865 0.225868878
1776 0.256330002
1715 0.225934647
1872 0.263004912
1776 0.243079177
1716 0.198469911
1825 0.201269956
1824 0.203600862
1723 0.205966305
1790 0.247387814
1734 0.202768895
1891 0.181521554
1808 0.211734924
1799 0.22592249
1840 0.224834524
1786 0.213220779
1839 0.220131373
1841 0.209076312
1803 0.254091859
1854 0.231987285
1682 0.229520727
1760 0.203162163
1778 0.252222574
1902 0.180984074
1835 0.215653281
1811 0.261898656
1792 0.25044404
1809 0.255438742
1702 0.21601543
1684 0.223617134
1866 0.21090534
1872 0.204660603
1690 0.262170489
1794 0.183780339
1884 0.227051521
1709 0.240517848
1700 0.193012106
1822 0.209337996
1695 0.223031755
1745 0.234027678
1779 0.212251238
1733 0.260022095
1832 0.244417813
1692 0.19323398
1687 0.192877395
1712 0.232614932
1782 0.219744945
1748 0.185702373
1766 0.207123862
1790 0.204383022
1731 0.193934799
1755 0.254935522
1845 0.190354297
1774 0.235917417
1833 0.22990788
1749 0.232929806
1721 0.208527477
1740 0.215517238
1890 0.225410625
1804 0.252940167
1664 0.229165336
1765 0.190403847
1819 0.217222212
1710 0.227949764
1736 0.248820237
1832 0.211284433
1800 0.237266619
1753 0.238586465
1775 0.201419039
1792 0.193885024
1860 0.19773683
1769 0.240855227
1696 0.20585911
1769 0.200592386
1690 0.245446655
1868 0.209758346
1844 0.199378312
1837 0.25555496
1685 0.312901488
1848 0.226640731
1801 0.175063856
1794 0.202946565
1875 0.243116493
1826 0.202330342
1771 0.196134608
1821 0.246595102
1801 0.210045411
1852 0.221202167
1744 0.230796677
1772 0.236887559
1794 0.232215566
1767 0.220228355
1736 0.203654941
1806 0.215227538
1767 0.21484552
1767 0.207197533
1733 0.191227809
1865 0.206689446
1807 0.207894577
1828 0.199384591
1896 0.25265581
1901 0.200808117
1774 0.239893001
1822 0.167687136
1730 0.221641248
1741 0.216150393
1776 0.221554896
1734 0.197228168
1922 0.214583722
1800 0.180686334
1786 0.164421138
1896 0.200744124
1720 0.240030606
1886 0.224101957
1821 0.221144939
1800 0.204109193
1792 0.251533669
1767 0.224154155
1783 0.225792996
1761 0.223305947
1880 0.212172914
1797 0.21405656
1755 0.268280975
1848 0.296158205
1788 0.258938102
1841 0.21694069
1715 0.227029368
1869 0.188811233
1722 0.232281641
1847 0.215080152
1905 0.230716302
1832 0.222788989
1835 0.222471427
1756 0.19882166
1845 0.202333088
1753 0.197795931
1765 0.232684239
1703 0.187307731
1695 0.205743693
1884 0.275309024
1890 0.22400005
1889 0.197560549
1707 0.231002819
1793 0.200460242
1813 0.204498131
1763 0.244176622
1712 0.228401933
1755 0.205050736
1780 0.204959363
1792 0.19957314
1832 0.236812493
1802 0.219591853
1905 0.286625717
1784 0.279458157
1743 0.187241115
1704 0.19487541
1919 0.222757339
1839 0.232226484
1835 0.219780955
1780 0.205091576
1741 0.211525755
1772 0.236134686
1824 0.221695143
1919 0.208524427
1768 0.206171074
1808 0.238493651
1768 0.206595382
1850 0.214882688
1731 0.232506893
1743 0.181474156
1826 0.210420648
1767 0.263925495
1932 0.19652366
1748 0.245976408
1755 0.213410815
1710 0.229243654
1719 0.241066314
1763 0.255047352
1722 0.201843636
1907 0.179986573
1831 0.250690893
1685 0.2245641
1766 0.222363192
1775 0.238251844
1871 0.228659923
1814 0.201011808
1736 0.20068187
1830 0.249473413
1725 0.263574182
1901 0.244671354
1781 0.189746062
1741 0.210488053
1759 0.209973866
1861 0.180766479
1769 0.22119123
1810 0.197080178
1846 0.233499077
1752 0.197636366
1820 0.245112014
1784 0.233257825
1708 0.239416729
1746 0.213709776
1716 0.269703153
1850 0.233519112
1877 0.194157712
1883 0.246953217
1842 0.188357711
1818 0.207633246
1752 0.191817172
1800 0.229003269
1790 0.232670345
1854 0.239035931
1772 0.200221137
1834 0.185866242
1816 0.195004146
1873 0.210728554
1877 0.222126397
1763 0.236505609
1894 0.26043194
1872 0.173237331
1811 0.247344852
1819 0.230608226
1785 0.205016709
1808 0.26947681
1771 0.259204411
1809 0.252967474
1850 0.208468825
1875 0.206935203
1827 0.188530534
1854 0.262521531
1781 0.215390825
1847 0.188231833
1803 0.214083666
1703 0.189583808
1752 0.188323391
1704 0.194271433
1805 0.188926697
1827 0.217180995
1813 0.210063301
1830 0.1477945
1742 0.180046102
1785 0.24101676
1709 0.263882393
1748 0.216839381
1716 0.225944958
1721 0.264919282
1749 0.246342125
1896 0.185852114
1741 0.205427499
1814 0.195509194
1745 0.232298978
1771 0.173559775
1716 0.240391508
1697 0.237579888
1850 0.248671563
1893 0.24131435
1753 0.248798252
1739 0.17981959
1816 0.237336621
1707 0.20907092
1729 0.241313007
1875 0.235847585
1878 0.244933105
1796 0.203927393
1839 0.234564399
1919 0.207098928
1818 0.223038434
1897 0.212134008
1811 0.203357123
1706 0.226389665
1790 0.170572135
1783 0.237818514
1722 0.195026103
1709 0.22975624
1884 0.211916448
1826 0.214796595
1793 0.214198746
1917 0.20048221
1781 0.227292146
1679 0.205184555
1736 0.273846904
1814 0.216913632
1672 0.242682366
1740 0.207404542
1738 0.193816969
1684 0.177866701
1753 0.238822117
1732 0.23331292
1812 0.232391645
1898 0.220618544
1710 0.193733728
1835 0.188202077
1718 0.177638173
1779 0.224097117
1788 0.273096495
1840 0.238831176
1721 0.189077507
1728 0.288704225
1866 0.236157968
1745 0.268279059
1776 0.234092735
1721 0.209504277
1674 0.238783768
1759 0.229237683
1954 0.241444791
1843 0.210058276
1758 0.195146137
1784 0.218358625
1876 0.209988642
1738 0.185036216
1866 0.185493203
1734 0.170608797
1758 0.202834382
1714 0.210600691
1841 0.213966257
1777 0.215487443
1809 0.213526593
1911 0.192824803
1775 0.224532042
1727 0.227111924
1828 0.232268489
1911 0.209100961
1778 0.198184299
1698 0.251365366
1712 0.205331471
1813 0.200377712
1791 0.190789396
1778 0.224036294
1713 0.24242266
1800 0.217268981
1877 0.192352332
1822 0.203217261
1753 0.21434956
1858 0.235833596
1861 0.223279348
1733 0.235322075
1842 0.2165
1690 0.223288621
1832 0.18324109
1841 0.225442577
1755 0.212208704
1777 0.180353594
1779 0.210628688
1781 0.319369216
1914 0.224166317
1687 0.379612581
1809 0.272850692
1812 0.300020538
1765 0.224620867
1774 0.192065631
1784 0.226059683
1865 0.216457343
1701 0.203456402
1807 0.222830462
1683 0.200729721
1751 0.224351137
1838 0.214916424
1979 0.19673517
1813 0.315815585
1854 0.227158615
1709 0.279080451
1803 0.211330778
1773 0.216844924
1866 0.231280643
1760 0.251590873
1734 0.220683501
1707 0.232068948
1715 0.274971236
1729 0.179857627
1870 0.233289705
1843 0.234024794
1845 0.21218673
1920 0.211503488
1769 0.257279194
1770 0.223497379
1800 0.21001261
1823 0.174957494
1765 0.233194102
1728 0.191794818
1730 0.194869133
1735 0.199876057
1792 0.218177726
1746 0.221238487
1801 0.228941283
1758 0.221263608
1702 0.190367826
1734 0.224016883
1809 0.237726671
1744 0.203494395
1722 0.292148298
1799 0.195208313
1796 0.223955442
1844 0.259821237
1722 0.243491027
1851 0.205571375
1744 0.266561368
1832 0.215633607
1828 0.252935719
1806 0.212352292
1851 0.205824417
1746 0.206476466
1796 0.239126717
1886 0.175949532
1708 0.226124201
1724 0.211226453
1739 0.238284969
1844 0.220492487
1719 0.180268409
1685 0.199142667
1699 0.215487132
1856 0.253649986
1715 0.214035249
1768 0.229344371
1815 0.252305309
1805 0.232617823
1795 0.197798159
1867 0.287403716
1753 0.216697176
1787 0.185886777
1824 0.21388147
1836 0.192667912
1697 0.19191711
1755 0.212348913
1794 0.213142933
1735 0.234121101
1792 0.202275356
1855 0.196426476
1826 0.220394893
1769 0.214742426
1674 0.209875835
1770 0.208664184
1897 0.190829669
1858 0.207910659
1863 0.213941678
1759 0.23575798
1784 0.215372839
1760 0.240879173
1867 0.231767888
1902 0.237494745
1821 0.187044647
1748 0.212220208
1699 0.17265148
1784 0.229944794
1811 0.233814483
1838 0.224818207
1819 0.166710756
1820 0.19804722
1728 0.213527075
1794 0.283469263
1726 0.257958868
1859 0.236191863
1739 0.240042247
1758 0.220299662
1807 0.19443301
1766 0.224715275
1803 0.203196536
1768 0.228699719
1831 0.20113092
1774 0.230113549
1805 0.203839058
1856 0.228906708
1857 0.231292529
1897 0.213525884
1800 0.223980082
1782 0.233087035
1781 0.244396181
1887 0.200999322
1793 0.190204571
1842 0.216190704
1748 0.183188175
1886 0.229146848
1725 0.193164097
1796 0.222510788
1781 0.22140157
1764 0.230907573
1748 0.208573999
1858 0.195555414
1842 0.191636045
1832 0.223393288
1761 0.192413822
1792 0.221459705
1785 0.218689142
1744 0.188905988
1886 0.218879818
1754 0.241413578
1762 0.235145233
1808 0.187488291
1832 0.202907482
1816 0.221040547
1808 0.197657405
1803 0.208247261
1753 0.222159201
1823 0.237771794
1738 0.244059708
1751 0.175340268
1804 0.190396663
1842 0.249012285
1900 0.188522544
1750 0.22619295
1884 0.254106744
1753 0.253913279
1759 0.240110364
1801 0.213849673
1665 0.219927435
1821 0.238978661
1798 0.18368155
1790 0.16356268
1718 0.232293897
1842 0.178231673
1750 0.218412952
1852 0.207818898
1888 0.22118175
1807 0.23336966
1757 0.210195371
1853 0.258657587
1724 0.213502348
1717 0.22555139
1778 0.25828192
1786 0.208826296
1794 0.253534376
1757 0.254042809
1813 0.224649097
1767 0.227036249
1787 0.175494176
1766 0.229509301
1795 0.226230773
1805 0.191127923
1830 0.199877007
1835 0.196459142
1835 0.25332257
1815 0.184681928
1853 0.19563621
1838 0.227067503
1824 0.240576073
1728 0.193745922
1765 0.186855663
1704 0.221766786
1757 0.233305347
1738 0.232968728
1828 0.266751994
1797 0.203843169
1790 0.25125383
1821 0.213011261
1769 0.176372072
1802 0.216912407
1799 0.208581994
1771 0.233358308
1819 0.209080967
1814 0.20069814
1711 0.198726217
1756 0.188471714
1859 0.186424561
1853 0.190835475
1853 0.218435766
1798 0.213675705
1739 0.256967141
1797 0.196973975
1790 0.202618004
1885 0.219144728
1796 0.237391794
1752 0.18376267
1772 0.214657661
1832 0.22545556
1716 0.248585583
1844 0.222154935
1740 0.220489666
1882 0.21607412
1861 0.22508983
1881 0.251491943
1714 0.2702304
1708 0.263185378
1802 0.192585061
1805 0.179913068
1785 0.220553339
1728 0.198231275
1880 0.213672439
1780 0.225517282
1796 0.229401805
1673 0.213438073
1734 0.233875899
1810 0.222365676
1760 0.17829183
1788 0.204270217
1876 0.230198031
1734 0.208034831
1714 0.202735156
1795 0.235259826
1750 0.247910552
1752 0.202148874
1769 0.219681283
1825 0.263650913
1824 0.238243325
1807 0.218088844
