2291 0.390346993
2280 0.381594664
2299 0.480817768
2388 0.437562178
2128 0.420151128
2492 0.441538655
2245 0.390380319
2379 0.358669752
2025 0.380665795
2346 0.335483923
2253 0.424063565
2199 0.390603111
2299 0.411979902
2250 0.416531838
2326 0.332325654
2132 0.36093455
2334 0.506847592
2226 0.303028279
2323 0.401106925
2409 0.358616475
2318 0.416684821
2234 0.334937153
2226 0.422408115
2096 0.25931058
2339 0.347092027
2093 0.422906472
2373 0.351693073
2343 0.411129806
2246 0.377954831
2204 0.375308539
2368 0.453701683
2103 0.453245313
2189 0.403093011
2277 0.34598718
2329 0.425715579
2299 0.432517505
2276 0.398027438
2403 0.412175178
2302 0.408416008
2379 0.332032374
2385 0.379310471
2261 0.401758342
2382 0.275181672
2336 0.429659089
2273 0.338967378
2275 0.416148994
2272 0.311694837
2311 0.315236894
2245 0.40578102
2293 0.39417744
2287 0.306656204
2319 0.384188351
2122 0.351947371
2312 0.296058615
2338 0.377480401
2316 0.428640084
2381 0.37352729
2202 0.322198142
2246 0.411835468
2322 0.256185029
2310 0.422437278
2189 0.440780451
2271 0.454925455
2304 0.493733052
2209 0.431409233
2418 0.514240142
2336 0.426331205
2135 0.733832587
2296 0.713736062
2316 0.603869217
2235 0.383342332
2365 0.438624083
2386 0.34573421
2274 0.367733487
2059 0.459269857
2271 0.346000234
2187 0.347041859
2329 0.395896822
2232 0.568251047
2280 0.544142871
2229 0.438026134
2339 0.360955217
2081 0.46158536
2355 0.474034793
2239 0.683994753
2354 0.44789162
2215 0.457811086
2220 0.548100319
2222 0.78537736
2311 0.421367683
2228 0.757596358
2226 0.52835763
2358 0.770356111
2221 0.675900456
2328 0.294662449
2247 0.310677877
2346 0.482038604
2214 0.556844088
2343 0.645460898
2237 0.520144796
2223 0.348065042
2289 0.353891039
2368 0.532139981
2225 0.399010673
2008 0.394139187
2330 0.337203176
2385 0.437747788
2372 0.363425833
2383 0.338759182
2351 0.32822503
2289 0.379284707
2141 0.407020786
2351 0.348427565
2329 0.449115899
2256 0.413091681
2368 0.351281568
2211 0.355249109
2355 0.411364306
2333 0.309934265
2318 0.518998967
2301 0.430946162
2209 0.319931033
2235 0.370360698
2246 0.343100258
2419 0.307274121
2332 0.559891281
2390 0.458130077
2227 0.38404603
2263 0.673636443
2323 0.402913523
2133 0.481837081
2284 0.255260286
2213 0.315956645
2387 0.489628703
2246 0.279224776
2206 0.453737437
2144 0.373691409
2317 0.344100865
2309 0.397626949
2303 0.321356827
2256 0.473551595
2298 0.344311251
2123 0.361769573
2393 0.439254581
2324 0.407668361
2210 0.417943819
2381 0.350808963
2267 0.405169568
2192 0.426655736
2279 0.46313637
2309 0.375672127
2279 0.390817454
2178 0.383974707
2251 0.349429443
2083 0.390640944
2258 0.336621593
2178 0.361322224
2226 0.291701331
2242 0.369772024
2254 0.387657466
2178 0.364482574
2266 0.357308853
2268 0.333295636
2139 0.344197251
2345 0.369685889
2221 0.260976173
2094 0.460368041
2199 0.388360612
2357 0.45370151
2377 0.377733549
2274 0.402362673
2273 0.382210844
2290 0.50159641
2282 0.378304058
2378 0.396301007
2248 0.433986821
2330 0.389644359
2197 0.373502255
2408 0.323385226
2263 0.361725257
2207 0.367282962
2132 0.441295728
2342 0.440024101
2154 0.277285606
2194 0.412002633
2281 0.40179304
2288 0.38266111
2266 0.31260763
2159 0.46311988
2372 0.427255398
2349 0.308908654
2356 0.390279175
2277 0.938500659
2357 0.40251661
2160 0.55826179
2319 0.391169393
2103 0.338140606
2299 0.326359966
2311 0.313481228
2371 0.357323324
2246 0.392280843
2265 0.257960152
2311 0.365503772
2295 0.421617812
2100 0.366796401
2234 0.274073073
2256 0.530214231
2275 0.432895343
2326 0.411492714
2160 0.402953142
2304 0.528588552
2211 0.320997798
2179 0.409467948
2239 0.380191856
2240 0.439125511
2223 0.480888606
2155 0.843549166
2332 0.66747484
2347 0.312947625
2329 0.715042329
2298 0.808595885
2243 0.312271158
2230 1.018824895
2290 0.63567274
2257 0.684565935
2371 0.4579235
2224 0.465404952
2289 0.635263791
2277 0.479461193
2193 0.448930415
2192 0.445200672
2077 0.450680968
2334 0.361108216
2322 0.389329568
2257 0.499441725
2417 0.358271063
2198 0.279006093
2222 0.378495758
2215 0.369727266
2343 0.457594834
2380 0.480746824
2347 0.388448721
2251 0.487662409
2140 0.399684347
2232 0.41767306
2344 0.325061325
2242 0.387991089
2415 0.356636025
2224 0.376093756
2372 0.396207253
2282 0.514372349
2296 0.379863153
2246 0.388795687
2342 0.350625394
2260 0.408889562
2264 0.454829099
2375 0.410849212
2280 0.346110966
2241 0.377000878
2366 0.434613344
2327 0.43593438
2249 0.357694578
2334 0.399681082
2234 0.406507282
2275 0.591627781
2258 0.402541487
2293 0.384374803
2274 0.541865302
2373 0.334132366
2136 0.367488285
2278 0.286988052
2221 0.355880764
2265 0.428308246
2232 0.515436384
2297 0.38417881
2244 0.406804968
2165 0.349607717
2258 0.41474836
2249 0.402076168
2260 0.395331883
2095 0.450065087
2263 0.542211508
2365 0.377831636
2223 0.508627454
2188 0.360024556
2256 0.493828609
2252 0.36692934
2214 0.407020177
2352 0.355961724
2113 0.435397743
2212 0.330249146
2306 0.33497724
2343 0.370038566
2350 0.38838477
2210 0.375825641
2230 0.3921356
2328 0.397627834
2232 0.310939919
2328 0.511667219
2135 0.345321886
2276 0.483110106
2338 0.449142118
2279 0.331346424
2440 0.372532492
2315 0.296717488
2249 0.369191214
2439 0.318714072
2289 0.385919973
2154 0.452100067
2350 0.463472451
2254 0.450119121
2378 0.334916123
2191 0.457857431
2312 0.556954258
2398 0.583099604
2285 0.561505649
2226 0.560980593
2327 0.354250108
2360 0.415684557
2286 0.353444402
2229 0.307140337
2297 0.45163227
2201 0.48157818
2368 0.386670129
2316 0.473940787
2220 0.333541153
2150 0.305567957
2200 0.413015591
2302 0.438442192
2225 0.49488979
2149 0.41936653
2268 0.451932105
2353 0.439053175
2168 0.382285849
2269 0.479830855
2300 0.351295579
2298 0.605531987
2243 0.921698715
2125 0.609586117
2149 0.625121999
2157 0.675015181
2315 0.891308688
2115 0.565623274
2376 0.929911056
2232 0.643285766
2338 0.800866702
2334 0.375072273
2406 0.365670496
2311 0.488407825
2269 0.360779915
2265 0.41754202
2310 0.416546299
2198 0.33230635
2163 0.34079233
2236 0.449319379
2392 0.485503929
2228 0.373802939
2275 0.292238926
2179 0.394344749
2173 0.349798723
2334 0.40473832
2363 0.424808124
2397 0.336509605
2310 0.359512804
2309 0.501358171
2187 0.344157189
2254 0.363721005
2210 0.375417803
2069 0.312841202
2322 0.349211579
2126 0.409043607
2212 0.445407647
2348 0.478627689
2273 0.368111971
2223 0.373687655
2184 0.466395508
2233 0.335637142
2229 0.492076685
2285 0.290478748
2159 0.422676966
2264 0.418958132
2373 0.354166586
2154 0.378720647
2309 0.352769014
2168 0.453919491
2397 0.4093514
2315 0.318760503
2194 0.385880999
2411 0.44948449
2340 0.388234174
2283 0.428944787
2215 0.347189519
2324 0.319813096
2402 0.369490929
2244 0.422474626
2488 0.479017643
2133 0.300274368
2328 0.415929372
2290 0.352195085
2280 0.453415157
2371 0.330149385
2284 0.387199759
2308 0.39198
2344 0.388477935
2292 0.42768833
2271 0.325161373
2317 0.362604757
2303 0.315095406
2406 0.424861077
2309 0.427940149
2318 0.378356306
2276 0.477261368
2266 0.372771268
2419 0.379622802
2165 0.370856678
2298 0.380791352
2376 0.327923749
2388 0.495699178
2261 0.376487547
2468 0.276971407
2382 0.395644799
2138 0.288272152
2240 0.387681917
2148 0.321542202
2414 0.350372313
2247 0.433274223
2289 0.415337569
2265 0.38690931
2082 0.365321904
2296 0.283987697
2273 0.399661563
2303 0.412799851
2319 0.438200117
2321 0.392586451
2210 0.359763601
2066 0.382050041
2337 0.407457653
2274 0.40960439
2110 0.481432603
2294 1.153502622
2260 0.352226847
2299 0.400464514
2507 0.320584015
2322 0.390264209
2267 0.427894614
2295 0.336218632
2340 0.446946801
2287 0.338721151
2263 0.431612183
2283 0.504468277
2296 0.522974603
2312 0.487956063
2288 0.457415718
2321 0.370609687
2249 0.444832335
2141 0.581437425
2140 0.360090162
2196 0.440281542
2286 0.383192507
2277 0.622695831
2267 1.2636442620000001
2268 0.632132034
2212 0.451231559
2161 0.772376907
2312 0.929558515
2187 0.476751211
2249 0.486245663
2333 0.285297933
2360 0.290172654
2225 0.435164932
2208 0.513259412
2359 0.42301611
2411 0.382781722
2222 0.372829702
2293 0.399444343
2371 0.510556967
2415 0.357021846
2236 0.48001367
2281 0.404925696
2400 0.220061204
2207 0.412211129
2149 0.36355692
2344 0.360953776
2254 0.409774581
2403 0.284224335
2146 0.415092174
2328 0.365600819
2394 0.368117927
2363 0.409975637
2413 0.382991892
2375 0.417967575
2369 0.414479368
2346 0.384937749
2280 0.391485274
2252 0.306733124
2121 0.362288471
2283 0.400435494
2230 0.478906959
2345 0.363429059
2319 0.421118981
2180 0.429416434
2275 0.431542894
2416 0.609817582
2332 0.367982044
2261 0.434571536
2269 0.36029277
2372 0.380738699
2089 0.45226596
2387 0.430187578
2259 0.485846787
2291 0.356765953
2443 0.415206238
2289 0.408813067
2158 0.389896824
2233 0.293951127
2206 0.427473688
2270 0.328884348
2235 0.378909515
2304 0.434023036
2261 0.366447026
2237 0.46934632
2353 0.33624772
2281 0.431629451
2229 0.331917893
2361 0.4360152
2239 0.339195938
2303 0.36822346
2263 0.309454194
2294 0.371779561
2213 0.442686788
2250 0.288291305
2342 0.363031407
2139 0.423832576
2228 0.347111251
2204 0.368006971
2196 0.410820751
2322 0.442820676
2274 0.390853077
2204 0.388831021
2340 0.383290127
2338 0.454649498
2147 0.361857231
2325 0.356170809
2239 0.314284026
2202 0.417951941
2256 0.295564588
2398 0.252608352
2142 0.37042098
2153 0.366152905
2372 0.498733948
2302 0.412832796
2352 0.333687116
2308 0.368068892
2166 0.349155703
2233 0.394055846
2311 0.376298895
2304 0.431728125
2253 0.477540548
2332 0.459861586
2417 0.247380149
2220 0.461087173
2343 0.596794531
2165 0.774446546
2323 0.672720209
2311 0.311440046
2344 0.467011203
2261 0.415530481
2395 0.473683264
2301 0.297752679
2256 0.366491849
2298 0.354946153
2308 0.349198543
2335 0.371583429
2287 0.432791935
2252 0.377364925
2232 0.418002254
2328 0.450376088
2389 0.37248701
2379 0.475581059
2182 0.458533082
2393 0.329106121
2203 0.481756502
2426 0.481262447
2284 0.248107385
2322 0.313617339
2271 0.516634552
2205 1.340196881
2320 0.724260644
2402 0.617998667
2346 1.142154029
2441 0.60238253
2362 0.593884368
2167 0.601822807
2231 0.454919558
2377 0.463912891
2187 0.234367159
2154 0.375582987
2213 0.449119599
2300 0.265043463
2272 0.401305085
2150 0.301141769
2352 0.363596742
2362 0.451389792
2234 0.352242609
2259 0.347828014
2321 0.404675058
2201 0.43726882
2318 0.388282513
2321 0.30760151
2336 0.368530605
2359 0.335438888
2252 0.401702719
2245 0.332832534
2336 0.50453809
2119 0.379210443
2282 0.395127123
2323 0.421939369
2300 0.412190336
2264 0.462143338
2318 0.41533876
2138 0.487390774
2472 0.570849212
2235 0.420689093
2400 0.28919921
2311 0.361414648
2275 0.422903561
2288 0.42264285
2222 0.340871138
2292 0.315218265
2233 0.360656265
2236 0.381833558
2249 0.355090605
2158 0.367149872
2220 0.394323232
2410 0.495257856
2212 0.385614942
2281 0.434673724
2238 0.39167321
2335 0.387111976
2353 0.41479148
2246 0.462478951
2248 0.341035677
2356 0.332667332
2213 0.310830716
2384 0.344427995
2256 0.373589058
2323 0.393620201
2207 0.390096667
2126 0.327686132
2088 0.403555874
2344 0.419124981
2327 0.454464833
2278 0.402023329
2367 0.363012415
2221 0.272374794
2279 0.379087571
2351 0.482184754
2203 0.48439687
2297 0.384530077
2127 0.435308087
2266 0.366176977
2344 0.325304162
2374 0.431115397
2329 0.285246963
2461 0.389886501
2340 0.292751162
2264 0.30427316
2325 0.343522971
2139 0.449386253
2250 0.421989522
2380 0.37985178
2210 0.344754175
2383 0.411504543
2312 0.380856592
2216 0.419296115
2261 0.414485079
2243 0.377863042
2276 0.389866136
2160 0.464338254
2317 0.586384911
2245 0.498591025
2289 0.411413467
2199 0.438695903
2321 0.347993946
2436 0.440816334
2247 0.595401627
2262 0.732162365
2299 0.479242273
2404 0.374309953
2351 0.434390689
2405 0.298301931
2122 0.350175789
2321 0.457504247
2409 0.396938604
2342 0.416152366
2261 0.474485485
2450 0.330655426
2308 0.480639895
2273 0.35197222
2306 0.461969731
2268 0.349033527
2122 0.499906835
2356 0.40763703
2277 0.50829931
2192 0.423739014
2179 0.525984881
2258 0.472805794
2196 0.512879068
2365 0.493869564
2280 0.558962964
2184 0.73485751
2322 0.326997812
2258 0.639176186
2253 0.578549449
2303 0.718710638
2322 0.852462591
2316 0.59111722
2266 0.498250985
2330 0.336822239
2227 0.449276505
2285 0.465175025
2469 0.312416211
2243 0.310036475
2349 0.283487296
2343 0.399047836
2255 0.414298588
2309 0.366650149
2294 0.519736902
2368 0.367518627
2256 0.313523661
2270 0.323354986
2294 0.361739776
2369 0.317663154
2305 0.483649001
2173 0.427383574
2294 0.372518669
2252 0.38204292
2318 0.539906606
2204 0.512697534
2234 0.461959258
2243 0.434694917
2382 0.313742964
2119 0.338321942
2259 0.442554136
2110 0.56965683
2351 0.45698443
2246 0.342760445
2322 0.377189564
2302 0.460472347
2318 0.502506234
2278 0.380817796
2269 0.306749278
2318 0.375263
2276 0.325826568
2313 0.349064279
2433 0.399324817
2354 0.368926611
2319 0.232038083
2329 0.320423005
2282 0.316610398
2243 0.477238823
2200 0.40944504
2460 0.381285895
2213 0.506797249
2367 0.402411822
2318 0.316910455
2331 0.342066525
2225 0.3655167
2380 0.385928964
2272 0.415563412
2157 0.308053738
2193 0.323478879
2178 0.480686821
2356 0.40046624
2395 0.367632292
2178 0.323055346
2326 0.389804201
2261 0.433761917
2472 0.374024713
2341 0.328322108
2126 0.348240787
2179 0.375669755
2242 0.448852951
2346 0.421209725
2325 0.420370487
2174 0.457678403
2061 0.416792646
2265 0.41855892
2201 0.4350936
2347 0.514447141
2286 0.336585653
2286 0.380092775
2326 0.369417954
2336 0.447808635
2189 0.42613498
2289 0.39089955
2395 0.408479458
2161 0.364124469
2254 0.367986429
2359 0.378899051
2257 0.364307921
2275 0.267273549
2225 0.500574643
2310 0.346906103
2062 0.299459795
2361 0.358504501
2314 0.484342103
2314 0.432856685
2504 0.904865357
2338 0.708665511
2145 0.64904588
2274 0.438999752
2320 0.318954718
2308 0.393790309
2382 0.4220817
2382 0.403641873
2253 0.396712609
2259 0.27415727
2268 0.402700767
2183 0.385400323
2333 0.558308926
2334 0.426182769
2217 0.296548653
2348 0.310884261
2452 0.358743937
2180 0.377414738
2334 0.373761472
2320 0.453743048
2180 0.42231644
2321 0.341579782
2313 0.359965456
2178 0.520251526
2304 0.831756776
2320 0.980443562
2347 0.963725206
2279 0.555052156
2340 0.85829943
2328 0.856195857
2177 1.002892645
2324 0.421294428
1999 0.538423304
2411 0.340595092
2379 0.353209872
2151 0.708667599
2287 0.41868931
2318 0.434909458
2294 0.404169995
2192 0.361071831
2233 0.371262882
2340 0.3986201
2367 0.368433176
2240 0.397928254
2200 0.33907295
2291 0.338308934
2298 0.400958498
2433 0.437504457
2265 0.591135912
2312 0.395148488
2245 0.335189447
2274 0.534746765
2267 0.353748527
2264 0.356210173
2273 0.373888948
2223 0.338905722
2306 0.4152942
2292 0.423332287
2464 0.448719102
2348 0.325523719
2380 0.50068312
2135 0.366892015
2234 0.324797157
2282 0.380914861
2296 0.439683319
2237 0.3516194
2418 0.395654675
2257 0.422967048
2258 0.342657401
2340 0.374956531
2391 0.463668106
2266 0.534551597
2276 0.377433355
2204 0.391277175
2310 0.394745594
2310 0.343860359
2263 0.341375999
2156 0.4300793
2311 0.332767509
2328 0.457433805
2227 0.276876675
2196 0.467008823
2325 0.432085626
2408 0.335182564
2285 0.457566975
2273 0.404817172
2339 0.420822013
2300 0.353650222
2261 0.385576365
2246 0.333076531
2261 0.339130543
2130 0.328881181
2297 0.494349246
2169 0.401664322
2229 0.381245061
2336 0.389467213
2192 0.38667157
2355 0.336135654
2167 0.473799429
2287 0.37360826
2310 0.401611579
2278 0.421068479
2199 0.38900581
2317 0.404596592
2230 0.427797239
2198 0.443514837
2314 0.373378877
2233 0.416945133
2244 0.406239646
2290 0.385656045
2313 0.481757586
2296 0.379138843
2297 0.336985532
2333 0.331126549
2360 0.382232955
2264 0.494438302
2262 0.362836898
2116 0.41390431
2260 0.35699853
2273 0.433562482
2239 0.337776771
2209 0.59792505
2337 0.643363871
2136 0.399487034
2262 0.513148428
2440 0.320522158
2249 0.454016007
2241 0.367444731
2216 0.283537221
2314 0.352581394
2277 0.40517212
2412 0.361335579
2356 0.426496676
2131 0.461771897
2189 0.411707224
2204 0.528411031
2209 0.613034326
2330 0.317570839
2145 0.446525714
2385 0.468146114
2241 0.547866814
2287 0.446243762
2315 0.360711258
2259 0.467175244
2134 0.798316658
2325 0.584126068
2230 1.203197463
2349 0.748055266
2231 0.319432418
2363 0.346700794
2159 0.713567436
2252 0.587834379
2144 0.75277977
2268 0.293011993
2263 0.411858221
2243 0.559212444
2315 0.393337464
2253 0.580546664
2427 0.422959149
2441 0.344717557
2274 0.38162514
2278 0.523106367
2301 0.368815135
2217 0.496874933
2190 0.410878026
2299 0.435056545
2116 0.374458249
2065 0.337919867
2306 0.398114627
2360 0.402421547
2280 0.398737548
2296 0.489336671
2266 0.545112979
2228 0.311553132
2270 0.36129039
2391 0.343536217
2393 0.304262196
2243 0.339089555
2244 0.563127198
2295 0.475743839
2221 0.492539284
2248 0.44711109
2280 0.398260362
2358 0.432943654
2181 0.333942069
2083 0.407947763
2138 0.336258245
2237 0.442489156
2270 0.456428665
2287 0.414072223
2195 0.422601847
2131 0.346618609
2380 0.362495156
2152 0.550738095
2228 0.513105567
2281 0.479401799
2271 0.417366361
2201 0.490597658
2365 0.438100369
2358 0.4041823
2277 0.377439557
2344 0.383103818
2255 0.448458084
2217 0.354575443
2305 0.325509335
2326 0.425454068
2309 0.324076771
2141 0.31384072
2261 0.323753424
2316 0.406694284
2332 0.401788407
2201 0.346956903
2367 0.384667812
2288 0.283737298
2230 0.3196855
2304 0.400914357
2159 0.360960564
2268 0.386369049
2236 0.290406359
2328 0.412413346
2274 0.440428359
2328 0.377971473
2274 0.467577265
2383 0.286336826
2409 0.32729408
2343 0.334447121
2219 0.373753382
2214 0.35907498
2317 0.32113131
2358 0.317093419
2068 0.394186566
2253 0.388456345
2146 0.380546784
2317 0.432640482
2337 0.409685068
2238 0.454323796
2307 0.390123742
2137 0.308924853
2301 0.293631432
2194 0.422915301
2272 0.418095311
2309 0.371099147
2295 0.4783428
2290 0.494670364
2366 0.606328639
2272 1.144716293
2168 0.476426067
2219 0.446161915
2207 0.279842388
2324 0.372783594
2136 0.387038953
2339 0.396734304
2266 0.431466307
2246 0.397965165
2393 0.279772892
2235 0.416325471
2144 0.443528943
2180 0.417220708
2228 0.459525493
2290 0.359594704
2307 0.43509941
2381 0.39158134
2387 0.455370389
2328 0.376928209
2234 0.464798307
2337 0.480804746
2369 0.398781794
2307 0.752776599
2184 0.940659858
2291 0.964388234
2209 0.67874363
2251 0.466526175
2292 0.795569554
2413 0.517235892
2363 0.409832544
2341 0.578613766
2342 0.256561586
2297 0.44813093
2280 0.384553628
2297 0.443526425
2294 0.503446009
2268 0.557133363
2253 0.40714378
2352 0.479039879
2263 0.355406187
2347 0.329617222
2281 0.347424919
2264 0.420804087
2133 0.420745664
2354 0.371321911
2172 0.380373263
2143 0.354972352
2147 0.345138321
2181 0.458993182
2242 0.438475004
2338 0.447000902
2232 0.323295684
2333 0.385207256
2346 0.447687297
2357 0.364847483
2304 0.56336249
2303 0.565991929
2178 0.529562625
2236 0.403369698
2280 0.447776055
2273 0.406975758
2311 0.413543549
2356 0.401954921
2252 0.313150978
2202 0.38975937
2250 0.411576508
2281 0.421424803
2226 0.393109108
2210 0.349874259
2370 0.399291181
2335 0.477893591
2254 0.423851855
2295 0.519421425
2207 0.428255512
2362 0.396239779
2227 0.366218093
2287 0.421751086
2342 0.37290614
2333 0.395608803
2185 0.500336721
2291 0.325125199
2309 0.319359526
2214 0.364009193
2312 0.447620812
2162 0.349342628
2247 0.390141092
2428 0.521302791
2233 0.401148838
2341 0.376485522
2279 0.448390638
2330 0.414436209
2213 0.373402351
2252 0.408066495
2284 0.309945002
2289 0.396512521
2327 0.356345104
2455 0.37124871
2188 0.331795208
2263 0.505461773
2335 0.463551027
2454 0.516970323
2349 0.461450582
2295 0.501045023
2163 0.36411296
2178 0.372127626
2195 0.36627894
2186 0.23000369
2378 0.384565435
2307 0.45105103
2196 0.298537308
2184 0.39418182
2196 0.274617071
2143 0.262115643
2299 0.358463346
2170 0.468814192
2105 0.412111342
2245 0.310170809
2211 0.381395267
2298 0.353123689
2368 0.331552064
2238 0.429833821
2331 0.352226569
2242 0.573298586
2229 0.717074463
2317 0.448562994
2229 0.411189991
2328 0.464776595
2283 0.400886496
2210 0.365561683
2234 0.42671413
2267 0.353506241
2318 0.378003684
2217 0.381129138
2168 0.446258771
2376 0.300968628
2249 0.41473561
2395 0.38458125
2145 0.463391399
2255 0.350857983
2238 0.480860044
2278 0.521265069
2338 0.368576635
2289 0.434459307
2268 0.335695518
2233 0.512702514
2257 0.594107462
2404 0.922592931
2126 0.72935676
2284 0.538403956
2194 0.618288985
2334 0.459325478
2353 0.673526902
2254 0.306698736
2259 0.841483252
2281 0.373424393
2327 0.352337136
2288 0.419441044
2218 0.531546985
2187 0.503648979
2322 0.361275434
2245 0.38858799
2264 0.340542582
2167 0.438419452
2309 0.343498684
2291 0.419871132
2032 0.411123917
2225 0.34115165
2247 0.376621295
2122 0.469806673
2284 0.374675606
2308 0.414021342
2227 0.429384471
2303 0.423539763
2349 0.48284055
2266 0.340945019
2327 0.406970655
2332 0.374254758
2300 0.39406073
2250 0.298234282
2311 0.45426378
2412 0.631446954
2203 0.575188885
2340 0.511223044
2264 0.376252365
2168 0.412260019
2294 0.41849096
2243 0.456923327
2284 0.410334097
2331 0.343089551
2151 0.340630662
2216 0.347613463
2273 0.409617736
2362 0.354355316
2330 0.46575703
2349 0.430296301
2312 0.438701752
2351 0.474832815
2368 0.326541049
2187 0.391092964
2176 0.310096742
2396 0.382932421
2287 0.349147812
2282 0.340962328
2237 0.40169028
2341 0.379832883
2227 0.431975399
2286 0.391506633
2392 0.313008571
2189 0.341145202
2288 0.397986626
2227 0.349898347
2404 0.419596819
2395 0.327262056
2194 0.467471871
2352 0.386152354
2259 0.329955309
2209 0.408311147
2358 0.367533933
2323 0.411264664
2199 0.443581131
2230 0.317100662
2298 0.395737259
2309 0.371449013
2373 0.373243864
2308 0.473797635
2363 0.398982102
2380 0.434584725
2230 0.48321986
2281 0.388239755
2313 0.379130651
2332 0.468027836
2202 0.406035703
2356 0.502331415
2311 0.49692405
2299 0.411833487
2290 0.391362268
2171 0.32932135
2332 0.547461856
2356 0.430217222
2208 0.337628028
2252 0.391587284
2347 0.408371093
2179 0.988267009
2128 0.796336615
2341 0.426008458
2315 0.359697173
2366 0.360456789
2195 0.369780267
2240 0.341532003
2299 0.346817208
2178 0.350234072
2391 0.38033514
2344 0.376661126
2285 0.508303979
2412 0.442246183
2329 0.329319216
2398 0.467848973
2251 0.432104466
2353 0.367206665
2266 0.429844103
2249 0.507754627
2357 0.395433955
2279 0.428801335
2264 0.351494866
2290 0.377767953
2391 0.660007921
2229 0.890903434
2177 0.565345241
2168 0.668156173
2274 0.449939516
2222 1.072971453
2116 0.818512282
2348 0.626263733
2369 0.751912155
2143 0.428265643
2466 0.464536163
2256 0.456827885
2340 0.442255044
2308 0.65190928
2251 0.384681253
2312 0.462265296
2227 0.395500472
2308 0.274225089
2301 0.30004636
2188 0.424177591
2270 0.351516212
2194 0.448151564
2258 0.361259637
2402 0.42938774
2216 0.433904575
2373 0.418259811
2265 0.272957248
2274 0.427649632
2156 0.5675507
2394 0.414310336
2149 0.394585664
2297 0.31345269
2353 0.351480693
2303 0.533613837
2244 0.391441218
2282 0.493014083
2332 0.399175321
2354 0.452091948
2176 0.481319304
2307 0.308508852
2249 0.392590612
2254 0.302136544
2333 0.349742649
2409 0.341734522
2361 0.365373049
2322 0.561474935
2213 0.402171887
2386 0.325665976
2300 0.440817542
2215 0.405144637
2372 0.408173711
2138 0.40912965
2258 0.408692592
2216 0.41095886
2177 0.443872598
2291 0.42704235
2331 0.430789692
2355 0.390814756
2350 0.23235724
2336 0.353954672
2349 0.498533657
2174 0.387565718
2306 0.443170802
2355 0.373932785
2413 0.429850151
2225 0.377189439
2170 0.356361027
2407 0.388138019
2395 0.392426808
2213 0.491221495
2177 0.416104958
2218 0.380844003
2325 0.319719688
2391 0.398958992
2362 0.36768049
2232 0.29563707
2362 0.29149265
2350 0.265640631
2205 0.405649402
2232 0.398269473
2196 0.430625438
2303 0.364375606
2207 0.378950325
2308 0.461254059
2301 0.447772357
2404 0.28579079
2318 0.409471995
2345 0.554459414
2171 0.435855631
2144 0.289469103
2213 0.427313474
2052 0.355833372
2270 0.410088578
2227 0.431847994
2233 0.388239142
2352 0.357146918
2254 0.420740329
2239 0.586842495
2365 0.541796452
2314 0.237314328
2299 0.593321881
2207 0.634921825
2206 0.428210809
2141 0.356076267
2325 0.347419881
2315 0.431468008
2226 0.443998324
2315 0.367453119
2365 0.398870548
2289 0.380872955
2346 0.374608222
2330 0.599502905
2206 0.546506448
2055 0.430920237
2308 0.417256484
2284 0.555508024
2288 0.30199607
2410 0.49652724
2363 0.530747255
2278 0.386534247
2322 0.421126816
2296 0.780087049
2264 0.39668354
2214 0.483779602
2231 0.823634399
2299 0.901655993
2306 0.442381261
2352 0.846553097
2198 0.644393712
2316 0.490544563
2301 0.533438232
2180 0.340036908
2294 0.50964243
2348 0.42179181
2348 0.4412917
2362 0.726018289
2332 0.430245649
2280 0.415551587
2180 0.435197939
2275 0.310328381
2356 0.292878289
2373 0.357723751
2306 0.381850556
2197 0.375860435
2263 0.387395441
2250 0.444091806
2282 0.494057347
2295 0.390299479
2130 0.421437718
2303 0.480629861
2259 0.455272265
2266 0.429709518
2311 0.42959187
2342 0.318249344
2160 0.440969493
2332 0.380167237
2438 0.39950147
2273 0.415941197
2329 0.400155531
2148 0.436499149
2308 0.388376614
2219 0.467209411
2262 0.418074926
2212 0.365165492
2316 0.536263453
2283 0.378134443
2258 0.378008946
2307 0.436633775
2198 0.418000864
2327 0.414081634
2203 0.542020699
2369 0.328704443
2268 0.441516611
2322 0.392177737
2362 0.409406162
2241 0.479144373
2295 0.445117448
2307 0.486834922
2082 0.382999137
2263 0.394636916
2245 0.34494786
2321 0.295155048
2274 0.327794185
2283 0.397416144
2312 0.33325133
2257 0.304608513
2227 0.449002062
2250 0.410282774
2274 0.416647901
2400 0.315995617
2319 0.437051031
2280 0.449252866
2306 0.395495288
2155 0.304908
2112 0.351495281
2284 0.425603556
2317 0.399370692
2246 0.402937558
2158 0.370185426
2348 0.37615158
2303 0.311282989
2220 0.305581556
2343 0.424585318
2290 0.401958239
2274 0.493803609
2289 0.503372939
2370 0.46892024
2366 0.434971992
2248 0.349916141
2060 0.211613176
2343 0.405891104
2168 0.358129101
2261 0.287805512
2376 0.372937401
2229 0.368739791
2358 0.295396769
2307 0.377943162
2503 0.491527681
2181 0.356464518
2244 0.358275925
2338 0.471315927
2374 0.425163458
2343 0.519090161
2209 0.470383803
2318 0.427308282
2297 0.337113337
2256 0.40855627
2144 0.421036766
2445 0.420444518
2397 0.432585808
2328 0.404467633
2337 0.510967795
2218 0.387599697
2374 0.517736287
2298 0.396354582
2390 0.620229908
2292 0.460762965
2186 0.388527666
2146 0.658222182
2395 0.49249424
2138 0.470102285
2240 0.518014259
2326 0.904845377
2356 0.473654799
2335 0.684496683
2269 0.673618108
2335 0.673008013
2437 0.398753484
2236 0.553174536
2475 0.587329185
2204 0.616869691
2390 0.46845231
2297 0.707665815
2208 0.33864483
2357 0.358392697
2277 0.439814606
2361 0.541625202
2302 0.378418533
2257 0.425059584
2268 0.473713392
2326 0.246224532
2286 0.473138424
2169 0.37843241
2140 0.420396231
2215 0.369722313
2339 0.322624041
2105 0.37831636
2267 0.403006691
2280 0.418827442
2233 0.320944605
2330 0.375743422
2228 0.310895111
2285 0.373401001
2106 0.577530663
2364 0.403108278
2277 0.417276878
2193 0.28110423
2266 0.442225784
2367 0.464034862
2402 0.378231611
2311 0.447391966
2276 0.371088269
2175 0.391846025
2404 0.34995914
2224 0.381654192
2262 0.317929382
2308 0.411768737
2355 0.306570471
2381 0.383075995
2242 0.464366602
2364 0.343213047
2243 0.294603765
2405 0.360211773
2236 0.378990367
2378 0.42076962
2227 0.402358014
2357 0.390310779
2320 0.474818676
2218 0.440576322
2261 0.355935972
2367 0.449979788
2311 0.303054668
2375 0.437469818
2174 0.400223657
2264 0.311522921
2148 0.292566058
2267 0.418670045
2341 0.402008302
2362 0.397302835
2124 0.38841601
2250 0.393969276
2080 0.332229818
2380 0.348483469
2233 0.335594863
2315 0.321268268
2153 0.397057635
2233 0.372299463
2320 0.447818236
2189 0.378667878
2338 0.432798675
2210 0.378934966
2248 0.405963263
2305 0.319465678
2230 0.390433625
2389 0.409500166
2170 0.450587748
2310 0.297118922
2231 0.439352379
2270 0.50544133
2298 0.376517224
2346 0.437630437
2343 0.338768986
2257 0.578173279
2364 0.419549594
2308 0.42642148
2100 0.402339577
2389 0.344381466
2134 0.287974804
2415 0.423684359
2375 0.323080037
2153 0.450554706
2441 0.477150588
2290 0.393454356
2229 0.385127236
2187 0.542697863
1997 0.286997456
2383 0.747401606
2310 0.400369559
2370 0.428727525
2338 0.341616304
2163 0.42335597
2260 0.426242073
2248 0.409434929
2312 0.405259425
2264 0.356530387
2308 0.36559348
2247 0.47965626
2312 0.486251095
2305 0.35409958
2296 0.421811169
2279 0.511031129
2202 0.3195866
2272 0.526815306
2381 0.347237576
2359 0.415837524
2348 0.287907941
2252 0.339765962
2210 0.542734277
2304 1.168421542
2290 0.286732343
2271 0.500738051
2359 0.680093721
2289 0.509392641
2314 0.809478517
2250 0.316424359
2225 0.385388445
2245 0.306904781
2433 0.806643676
2227 0.491509866
2356 0.525253889
2405 0.396578387
2221 0.42461202
2284 0.519701965
2186 0.420030368
2371 0.424288039
2327 0.399099981
2183 0.46073241
2356 0.453926066
2206 0.36003323
2311 0.325676883
2302 0.383727626
2231 0.344794576
2300 0.411268337
2268 0.421791095
2212 0.396724941
2245 0.389067293
2268 0.360861864
2220 0.464040469
2363 0.442705152
2320 0.306583261
2344 0.383657323
2193 0.459142004
2241 0.517350705
2318 0.312055191
2203 0.49826345
2250 0.391168583
2250 0.321471129
2304 0.604608101
2261 0.493527273
2252 0.453775568
2354 0.254405743
2331 0.271130451
2198 0.374513369
2303 0.357966619
2339 0.478276425
2272 0.403981378
2273 0.321162593
2188 0.457243917
2253 0.343193901
2354 0.42051691
2397 0.510251459
2170 0.440318129
2204 0.429163294
2157 0.40914526
2418 0.494800471
2247 0.349532596
2345 0.41106762
2148 0.441400634
2252 0.416388715
2237 0.466370272
2230 0.364151499
2453 0.391307585
2181 0.281518896
2254 0.330279291
2267 0.428295422
2185 0.479355192
2344 0.363035684
2193 0.4400258
2108 0.490222648
2031 0.413853457
2331 0.323317027
2330 0.276738358
2304 0.493153263
2375 0.426259144
2313 0.328796974
2240 0.376515181
2225 0.457934953
2259 0.437985513
2340 0.301434764
2217 0.519607526
2375 0.347415061
2226 0.384907941
2303 0.417584092
2124 0.344380937
2021 0.41355582
2306 0.363906267
2279 0.369868215
2253 0.377971627
2339 0.369575857
2301 0.336776367
2206 0.347507423
2179 0.284805571
2247 0.334211807
2326 0.398412201
2401 0.319017115
2309 0.478296779
2145 0.458119534
2285 1.014403814
2265 0.770710673
2242 0.388391915
2323 0.379321932
2272 0.37106054
2479 0.385691539
2186 0.443935489
2239 0.446106834
2287 0.399352241
2298 0.395811759
2181 0.437997282
2385 0.52915759
2417 0.396930322
2118 0.401820104
2365 0.479143285
2136 0.541821998
2230 0.323046652
2375 0.62413027
2260 0.459119801
2303 0.397847125
2348 0.584963078
2356 0.397056996
2372 0.4164234
2385 0.388360741
2304 0.732463477
2232 0.881118988
2391 0.662966452
2197 0.882536703
2362 0.878529266
2371 0.617580922
2300 0.874304046
2328 0.518173046
2294 0.280559762
2324 0.381556714
2333 0.539948066
2270 0.505658648
2300 0.447565166
2323 0.342436306
2247 0.446971533
2334 0.384611107
2321 0.351551115
2370 0.373051235
2292 0.287702098
2268 0.406147475
2187 0.392613783
2320 0.457383311
2200 0.429673803
2309 0.361732991
2198 0.372426049
2253 0.465677986
2170 0.434248447
2188 0.348222847
2313 0.370227402
2242 0.436520902
2171 0.405865169
2284 0.375839782
2248 0.375586268
2346 0.49729324
2346 0.557960547
2168 0.51125697
2253 0.438629832
2289 0.405350413
2256 0.281863975
2203 0.344288124
2274 0.344416489
2204 0.401927821
2280 0.333567637
2235 0.338996098
2250 0.368787203
2415 0.487974825
2305 0.435468348
2191 0.432227585
2207 0.414090281
2173 0.509617051
2440 0.318376805
2242 0.41690444
2211 0.349653834
2258 0.33450612
2326 0.402363786
2373 0.567311889
2360 0.391492344
2120 0.372516612
2284 0.39812982
2375 0.293769592
2328 0.319026408
2198 0.477068144
2252 0.381833492
2212 0.360487121
2207 0.435228044
2254 0.380067417
2313 0.57488143
2181 0.467782347
2304 0.379887939
2267 0.446306438
2358 0.271837339
2388 0.41465116
2261 0.323622824
2313 0.423765226
2251 0.349524854
2192 0.351069908
2240 0.434085161
2281 0.338096163
2407 0.347206255
2080 0.325945769
2334 0.534340202
2351 0.566005156
2273 0.407711134
2400 0.360556012
2287 0.556496781
2207 0.366382594
2221 0.360461764
2224 0.487245526
2220 0.379832322
2343 0.44270325
2341 0.381192585
2299 0.347668101
2183 0.410499533
2295 0.450527627
2265 0.362579488
2318 0.949968189
2296 0.516679406
2206 0.64889125
2300 0.395288186
2381 0.405032398
2390 0.378238825
2252 0.334058314
2349 0.454430361
2204 0.36110667
2194 0.374843668
2250 0.340520073
2317 0.407470789
2303 0.408425899
2237 0.337486674
2288 0.452317018
2243 0.401144814
2255 0.419356652
2262 0.378792835
2289 0.385709394
2303 0.541828041
2150 0.314599437
2334 0.387083954
2308 0.394963024
2307 0.446485771
2375 0.716663072
2297 0.423611253
2111 0.426823004
2343 0.513933442
2249 0.651730678
2194 0.553873235
2165 0.970701716
2244 0.753368843
2350 0.750906022
2265 0.52311862
2282 0.560118423
2327 0.483590927
2407 0.327236984
2358 0.4760518
2376 0.617651306
2326 0.410945661
2373 0.397445829
2272 0.456218208
2257 0.343772603
2331 0.421116983
2269 0.260834394
2322 0.391626756
2248 0.364418351
2312 0.366600092
2333 0.430532897
2297 0.428274772
2403 0.464741395
2390 0.40319061
2186 0.334045814
2272 0.421045437
2266 0.41078288
2392 0.361381526
2272 0.339405215
2211 0.375116394
