1870.7 0.21968071
1811.0000000000002 0.266158301
1879.8999999999994 0.182033715
1840.5999999999995 0.216491124
1838.6999999999998 0.185374609
1802.7999999999997 0.202880994
1702.5999999999992 0.225197712
1775.9999999999998 0.232295018
2066.7 0.198148527
1902.1999999999998 0.180008129
1721.2 0.209535035
1794.6999999999996 0.201606422
1811.6999999999996 0.188205927
1748.9999999999998 0.229067318
1734.8000000000002 0.194263245
1868.4 0.190941509
1821.3000000000002 0.22793929
1902.3999999999996 0.208941611
1787.3999999999994 0.202722566
1863.2000000000003 0.187161898
1860.3 0.212515716
1892.3999999999996 0.217922002
1889.4999999999995 0.204098033
1809.4000000000003 0.223194666
1859.6999999999996 0.233699427
1759.2 0.192415488
1913.6 0.207534284
1760.7 0.21781344
1806.3000000000002 0.205606764
1815.9000000000003 0.25813337
1797.3000000000004 0.18177997
1910.1 0.216848292
1868.2000000000003 0.192066206
1955.2999999999997 0.366518721
1768.4999999999995 0.233766388
1886.3 0.187046162
1832.5 0.270058616
1718.6999999999996 0.20984484
1862.8 0.270324771
1761.8999999999996 0.241900337
1896.4999999999998 0.234563878
1952.9 0.200624565
1841.3 0.240693917
1844.8 0.242312877
1763.8999999999999 0.2127316
1786.3999999999994 0.2515077
1882.2 0.236401559
1830.8999999999999 0.227967491
1847.9999999999993 0.185070777
1835.8999999999999 0.188473705
1727.7999999999993 0.204853171
1900.3000000000002 0.215137188
1807.1 0.228095949
1745.4999999999998 0.195234541
2060.2 0.198483362
1886.6 0.229981398
1875.8999999999996 0.16495316
1881.5999999999995 0.227306853
1952.0999999999995 0.196680878
1762.7999999999995 0.251145616
1771.5000000000002 0.246856157
1856.7 0.230605138
1892.5999999999995 0.20790932
1869.1999999999996 0.228614128
1990.2999999999997 0.22818013
1822 0.214510642
1973.6999999999998 0.216300855
1830.8999999999999 0.251730134
1843.7000000000003 0.211377423
1781.0999999999992 0.18318739
1882.1 0.215586348
1739.1999999999996 0.230529946
1798.8999999999999 0.168626612
1791.9999999999995 0.210968521
1745.5 0.195658475
1789.2999999999993 0.213584335
1916.0999999999995 0.216143429
1892.1000000000004 0.198656884
1851.0000000000002 0.220027933
1872.5000000000002 0.230864995
1783.5999999999995 0.187120906
1819.1999999999998 0.17690875
1761.3999999999999 0.189906459
1852.7999999999997 0.192502811
1877.9999999999995 0.260954262
1791.3999999999999 0.240112442
1709.1999999999996 0.194878965
1826.8 0.191801481
1967.1000000000001 0.236344461
1806.6000000000001 0.206197198
1728.3999999999996 0.171273107
1837.9999999999998 0.202634924
1829.1999999999994 0.211807877
1752.7999999999995 0.178344678
1717.9999999999995 0.196914395
1825.9 0.181910417
1782.3999999999999 0.169794242
1798.7 0.214383148
1832.5 0.182397129
1820.2 0.19133709
1891.1000000000001 0.211203205
1800.1 0.195345136
1929.8999999999994 0.202342361
1826.4999999999998 0.237430555
1911.4999999999998 0.189874942
1834.4999999999998 0.209202795
1751.3 0.275115256
1757.9 0.209009907
1921.8999999999999 0.216249019
1736.5999999999997 0.209097341
1814.4 0.194605093
1718.2 0.218862503
1826.8999999999999 0.222865637
1881.1 0.256437073
1959.2 0.244031864
1781.0999999999995 0.205067929
1788.7 0.204694341
1844.8000000000002 0.188404769
1921.4999999999998 0.238652606
1785.5999999999997 0.273884434
1820.1999999999996 0.227354497
1900.3999999999999 0.179093229
1835.0999999999995 0.250479836
1854.2 0.191479222
1826.7999999999993 0.196256656
1915.6 0.184651474
1828.7999999999997 0.217500837
1778.6999999999998 0.21575988
1770.2 0.244358629
1794.7 0.192501214
1859.5000000000002 0.190911056
1794.6000000000001 0.211092427
1802.499999999999 0.247965073
1771.4999999999998 0.210882697
1783.0999999999997 0.259401546
1828.4 0.187380254
1763.1999999999998 0.250383093
1752.7999999999993 0.191017534
1895.6999999999994 0.205331586
1893.9 0.235703742
1839.4 0.208655948
1786.8000000000002 0.186907075
2034.4999999999998 0.215999683
1808.3999999999999 0.202519292
1786.3999999999994 0.174301833
1780.1 0.22489124
1799.0999999999995 0.155023115
1815.4999999999993 0.183096169
1808.3999999999996 0.220549532
1739.7 0.209863288
1794.5 0.217593769
1899.3999999999999 0.245682181
1829.6000000000001 0.199100001
1879.9 0.220327742
1842.0999999999997 0.209285222
1981.8999999999999 0.194829182
1822.4999999999995 0.235682537
1784.9999999999995 0.203530517
1979.3 0.195652732
1855.8 0.181987453
1900.2999999999997 0.167866153
1967.1999999999998 0.223746153
1819.1999999999991 0.21491926
1754.6000000000004 0.22020197
1844.4 0.197709373
1781.1999999999994 0.18616801
1831.1999999999996 0.212563328
1811.3999999999999 0.185226268
1867.3 0.156453524
1779.0000000000002 0.285291891
1867.9 0.235623368
1797.7 0.166587495
1919.5 0.212270407
1864.4999999999995 0.24086412
1779.5 0.19389647
1799.5000000000002 0.181469259
1798.4999999999998 0.225529988
1884.2999999999995 0.209945425
1772.3999999999994 0.191017354
1823.2000000000003 0.272385399
1734.3999999999999 0.225069884
1873.8999999999999 0.232829209
1748.9999999999998 0.173609347
1920.6000000000001 0.207902173
1785.6999999999998 0.241001926
1756.2 0.237996848
1845.9 0.186063211
1845.5 0.226341365
1840.9 0.215213583
1766.7 0.20101333
1899 0.246433703
1761.6000000000001 0.242559866
1800.1000000000001 0.242845048
1848.0000000000005 0.249114348
1843.6999999999998 0.218273347
1769.7 0.198141796
1725.0000000000002 0.22590655
1886.2999999999995 0.18522205
1861.5999999999995 0.196816594
2009.5999999999997 0.210047989
1840.2999999999995 0.23396497
1898.5000000000002 0.213511785
1793.0999999999992 0.253014278
1865.1000000000004 0.255396598
1850.3999999999996 0.249608627
1823.4999999999998 0.210660937
1833.3999999999996 0.223842632
1803.9999999999998 0.225103518
1838.9000000000003 0.241913991
1837.9000000000003 0.247098288
1879.0999999999997 0.240506963
1831.8999999999999 0.231480011
1716.4999999999998 0.238935651
1836.8999999999996 0.306630276
1783.7999999999997 0.205888762
1828.3999999999996 0.200560595
1784.6 0.212587914
1817.4999999999998 0.237604558
1911.5 0.235680233
1788.3 0.257599618
1823.8999999999999 0.237662214
1922.1999999999998 0.210159015
1812.3999999999999 0.254405911
1818.4 0.194131317
1842.8999999999999 0.232214722
1781.5 0.193558026
1862.7000000000003 0.235192842
1846.8 0.178314474
1790.8999999999996 0.227121761
1852.8 0.214014341
1879.2999999999997 0.230011342
1814.6999999999996 0.235753947
1854.4999999999995 0.209189172
1907.8 0.226622602
1818.7999999999997 0.244176192
1944.4999999999998 0.195946649
1893.5999999999997 0.21579552
1843.4999999999995 0.20370249
1858.5 0.216264779
1820.3000000000002 0.252573985
1767.1 0.206096193
1864.3 0.228329986
1759.7 0.182102821
1863.3999999999999 0.235467051
1740 0.195953615
1826.8 0.204099386
1914.6 0.234540628
1927.8999999999994 0.207913751
1745.7999999999995 0.186129025
1752.9999999999998 0.20377864
1772.4999999999998 0.257572637
1832.5 0.237780431
1800.3 0.195163155
1767.9 0.211389944
1840.8 0.232901988
1725.5 0.213995709
1745.3999999999994 0.202495456
1836.2 0.181465589
1840.6 0.198169212
1756.2999999999995 0.206589309
1800.3999999999996 0.15573276
1872.6000000000001 0.212392163
1919.7 0.207366774
1717.6999999999998 0.191082528
1786.8999999999999 0.250092063
1864.7000000000003 0.206917051
1801.1 0.232530954
1760.9999999999995 0.229855648
1795.9999999999995 0.206378561
1886.9 0.208114377
1828.7 0.227399201
1746.5 0.219506122
1855.3 0.221439463
1862.3999999999999 0.185920764
1898.9999999999998 0.262476819
1814.2999999999997 0.197771416
1836 0.189992058
1754.7 0.210702064
1798.1999999999998 0.231257353
1892.3 0.231361557
1790.8999999999999 0.225211808
1848.9999999999998 0.180765423
1878.6 0.159430887
1858.8 0.199363072
1721.8999999999996 0.220545488
2055.1000000000004 0.209645125
1738.8999999999999 0.166021522
1749.9999999999993 0.185097655
1826.5999999999997 0.187557157
1957.4999999999995 0.197534943
1892.4000000000003 0.189754203
1815.5000000000002 0.218930758
1709.1999999999996 0.202506115
1853.3000000000002 0.205271278
1874.5000000000002 0.204286961
1853.8999999999999 0.224053925
1884.6 0.242453964
1789.9999999999993 0.226700042
1829.1 0.239700427
1763.3999999999994 0.218964285
1827.4999999999998 0.225618971
1865.9999999999995 0.189544091
1932.7000000000003 0.181978724
1888.4999999999998 0.1864439
1767 0.199734072
1821.9 0.182308108
1889.1999999999996 0.211806201
1841.8 0.241403463
2012.8 0.182215407
1788.3999999999999 0.190499034
1844.0000000000002 0.21171456
1956.1 0.247472931
1844.4 0.216337934
1914.1 0.178050561
1763.8999999999999 0.19546656
1751.5999999999997 0.176053387
1869.5999999999995 0.209575732
1707.9999999999998 0.22827641
1776.3 0.169116673
1795.5999999999992 0.231737977
1765.8000000000004 0.210472386
1858.5999999999997 0.220376155
1843.5999999999995 0.181232535
1861.3999999999996 0.186627618
1811.5999999999997 0.196501513
1847.2 0.21634089
1799.7000000000003 0.178758429
1761.6000000000004 0.196573515
1948.9999999999998 0.236599304
1786.1999999999998 0.208690973
1904.7999999999995 0.228493865
1702.6000000000001 0.214919144
1736.5999999999995 0.233681604
1811.1999999999996 0.191146921
1866.6000000000004 0.203603222
1764.3000000000002 0.207742235
1811.3 0.176379246
1871.2999999999995 0.214665987
1741.4999999999998 0.188891093
1913.3 0.21521772
1839 0.203647177
1836.7 0.268689343
1806.6999999999998 0.210340965
1913.8 0.264989591
1768.9 0.27057876
1854.8 0.214142499
1776.6 0.229924971
1870.8000000000002 0.20941348
1824.4 0.28371663
1835.5999999999997 0.194383871
1735.1999999999996 0.225312687
1893.0999999999997 0.204256831
1809.8 0.186710185
1865.7999999999997 0.263953123
1761.3000000000004 0.252493844
1804 0.226436589
1824.4 0.221171489
1862.1999999999998 0.196388603
1764.2 0.217812528
1886.3999999999999 0.266040675
1873.1 0.217125558
1880.9999999999998 0.229314745
1755.1999999999998 0.196532709
1974.0000000000002 0.207026078
1780.9999999999998 0.214091459
1926.4999999999998 0.240857832
1886.4999999999998 0.229532422
1841.3999999999999 0.210763945
1792.9999999999995 0.180833847
1864.5000000000002 0.241037403
1836.8000000000002 0.19738407
1805.3999999999999 0.194156059
1871.8999999999999 0.197273125
1704.6999999999998 0.20018577
1885.4999999999995 0.214936929
1882.7 0.24470266
1794.0000000000002 0.252355805
1784.9999999999998 0.222350897
1850.0000000000002 0.230968822
1806.3999999999999 0.228053188
1876.1999999999996 0.226166752
1758.9999999999998 0.17427748
1781.8 0.225980026
1898.5 0.205860767
1785.8 0.251117648
1737.7 0.199608651
1920.7999999999997 0.214145469
1849.4999999999998 0.173308007
1806.2 0.203637393
1792.9999999999998 0.223264662
1890.4000000000003 0.209156524
1966.8000000000002 0.199142797
1958.1999999999996 0.195327857
1749.6999999999998 0.233466973
1717.9999999999995 0.273870373
1848.6999999999996 0.251982029
1895.7000000000003 0.220999201
1808.1000000000001 0.205096348
1782.6999999999994 0.211568742
1979.6999999999996 0.237403178
1872.0999999999995 0.216166999
1855.3999999999996 0.224536386
1763.8999999999996 0.223136739
1866.3000000000002 0.249515829
1770.5999999999995 0.18566187
1886.5000000000002 0.160782267
1880.9 0.212724374
1832.1000000000006 0.225027604
1768.7999999999997 0.203700742
1766.7 0.207077305
1842.9999999999998 0.236186336
1819.6999999999998 0.160308657
1754.2999999999997 0.19181765
1789.6999999999998 0.217305709
1767.3999999999999 0.192503036
1754.3000000000004 0.182752394
1807.4000000000003 0.178650671
1872.0000000000005 0.242198364
1879.3999999999994 0.216310878
1870.5999999999997 0.263134596
1922.0999999999995 0.187977911
1847.5 0.257743178
1794.8999999999999 0.221342579
1825.7 0.235643541
1814.9999999999998 0.212156799
1988.5000000000002 0.199923206
1853.4999999999998 0.221304481
1842.3999999999999 0.198756321
1791.8000000000002 0.218645728
1917.1 0.24559397
1758.4999999999995 0.232806617
1709.1999999999994 0.19642986
1921 0.249995005
1938.2999999999995 0.183710744
1914.7999999999997 0.213292631
1798.3999999999999 0.210203093
1846.6999999999998 0.210876511
1713.1999999999998 0.202954385
1765.1 0.214949832
1807.2 0.217518838
1831.5 0.18835629
1804.7 0.193006913
1875.6999999999998 0.182468235
1789.2 0.226189991
1949.0999999999997 0.219676469
1752.9999999999998 0.215372551
1833.5 0.228942916
1786.4999999999998 0.192824479
1816.5 0.215248485
1770 0.266637625
1872.8999999999996 0.192604139
1774.1 0.203772019
1919.3999999999994 0.235285946
1775.3999999999996 0.241706587
1816.3999999999999 0.233992045
1743.7999999999995 0.246506285
1902 0.213145967
1764.2999999999997 0.240555963
1826.1000000000001 0.226027441
1752.8 0.174259644
1762.8999999999999 0.18589542
1824.3 0.201821378
1884.5 0.224885249
1736.6999999999998 0.247581961
2007.3999999999996 0.226068795
1892.8 0.205986314
1735.5999999999995 0.17513453
1813.4 0.231923162
1810.8999999999994 0.231858981
1897.6999999999996 0.223101464
1729.7999999999995 0.208960659
1778.6 0.210307396
1853.6 0.227627195
1835.8999999999994 0.228167825
1832.3999999999999 0.281518381
1860.7 0.219903314
1837.0999999999997 0.216435913
1798.9000000000003 0.220272939
1839.1999999999996 0.208235261
1877.2 0.185049488
1804.1999999999996 0.214562399
1771.3 0.217516353
1730.8 0.208469167
1888.0000000000002 0.264962503
1871.6999999999998 0.222578951
1951.5999999999995 0.25480904
1757.7999999999997 0.235849865
1791.8000000000002 0.21463219
1923.1000000000004 0.242515013
1768.3000000000002 0.247506785
1819.9999999999993 0.227623142
1943.3 0.211299495
1913.6 0.230377441
1938.7999999999997 0.26607069
1855.7000000000003 0.21437264
1773.0000000000002 0.210134034
1743.9999999999998 0.221139145
1777.1 0.237710481
1752.8000000000002 0.242019853
1855.6000000000001 0.20475071
1798.1999999999998 0.206902485
1810.9000000000003 0.219458589
1752.7999999999995 0.204940443
1874.2999999999997 0.163577595
1875.8999999999999 0.225356815
1747.8999999999999 0.216497674
1750.3000000000002 0.194608625
1897.7999999999997 0.208582565
1824.9999999999998 0.205731728
1878.9999999999998 0.255272977
1866.7999999999997 0.193668604
1843.9999999999998 0.215596278
1982 0.24214486
1871.0000000000002 0.2167261
1763.8 0.21822924
1751.9999999999998 0.203681465
1718.6999999999998 0.209767788
1770.7 0.233222509
1819.8999999999994 0.212222047
1801.0999999999997 0.252194727
1790.6999999999998 0.217225453
1762.7999999999997 0.200359292
1761.6000000000004 0.204144198
1784.5999999999997 0.228956856
1801.8999999999996 0.173318915
1886.0000000000002 0.205327569
1823.8000000000002 0.226832247
1886.8000000000002 0.181210943
1809.2 0.180669848
1918 0.20375213
1860.3 0.189481339
1782.9999999999998 0.225802075
1890.8000000000002 0.221280296
1792.5999999999997 0.229885134
1780.7999999999995 0.216188131
1988.7 0.230079638
1845.6999999999998 0.227048471
1750.0999999999995 0.215554315
1867.8999999999996 0.202462871
1776.8999999999999 0.251715323
1785.6 0.203409244
1827.1 0.211207736
1860.1 0.23770878
1872.6 0.217210053
1832.3999999999999 0.218075229
1893.8999999999999 0.231539356
1737.0999999999997 0.228710235
1713.8999999999999 0.231026033
1767.0999999999997 0.186062741
1981.3000000000002 0.171267642
1773.5 0.174060651
1749.9000000000003 0.197104117
1856.8 0.208334704
1846.6000000000004 0.205904548
1891.1999999999994 0.244645058
1981 0.224323404
1842.7999999999997 0.194630372
1730.7999999999997 0.210914933
1849.3999999999996 0.173159876
1899.2000000000005 0.20167961
1702.5999999999997 0.212736764
1913.8000000000006 0.208751613
1838 0.213976127
1797.2000000000003 0.182489787
1765.0999999999995 0.272602621
1834.8999999999999 0.171775842
1757.8999999999999 0.276555463
1785.5999999999995 0.258711743
1773.6 0.215787393
1925 0.22468846
1908.6 0.242477675
1754.7999999999997 0.242427686
1842.2 0.237126195
1818.1999999999994 0.228859182
1836.1999999999998 0.220212591
1817.1 0.233436572
1843.3000000000002 0.189209534
1978.8 0.206056126
1863.9999999999995 0.264864779
1829.7999999999995 0.189071289
1714.1 0.16685939
1885.7 0.28920236
1998.9999999999993 0.243108239
1892.3999999999999 0.273723469
1877.9999999999998 0.234567981
1785.8999999999996 0.216569349
1990.6000000000001 0.305777106
1862.8 0.231410785
1790.3 0.18436195
1694.9999999999995 0.236440523
1806.8999999999996 0.176255916
1763.3 0.201553207
1826.7 0.201519216
1999.8999999999999 0.236799747
1729.8 0.251138122
1801.3999999999999 0.206519722
1842.2 0.236592415
1786.1999999999998 0.150223151
1894.5999999999997 0.197652467
1834.0999999999997 0.190436287
1789.7 0.207452266
1941.8000000000002 0.229139677
1858.6999999999998 0.245742139
1770.6999999999998 0.194777431
1827.3999999999996 0.223909209
1890.3999999999999 0.250008172
1880.4999999999998 0.184306912
1767.8999999999999 0.226219112
1791.7999999999997 0.223393932
1965.6999999999996 0.176153094
1840.0999999999995 0.188919002
1817.6000000000004 0.244971584
1846.2 0.234175064
1846.1999999999998 0.214670073
1839.6999999999998 0.211181552
1892.1999999999998 0.177852828
1859.6 0.215366482
1750 0.180231303
1848.5999999999995 0.207679033
1756.3999999999999 0.264506686
1810.8999999999999 0.203820477
1737.8 0.203659864
1978.5000000000002 0.222553477
1729.6000000000001 0.219550344
1736.3999999999994 0.222113478
1754.6 0.208854837
1817.3999999999999 0.200817593
1726.2000000000003 0.216046359
1890.4 0.220100122
1829.8 0.191247005
1841.7999999999997 0.186362826
1788.6999999999994 0.197944168
1804.3999999999999 0.235158556
1735.9999999999998 0.208105239
1862.3000000000002 0.247272367
1793.5 0.210795911
1906.6999999999998 0.160198602
2033.9 0.194696228
1850.7000000000005 0.215661568
1888.8000000000004 0.24122922
1824.4999999999995 0.186531186
1740.9 0.221944505
1970.7999999999995 0.231970155
1931.9999999999998 0.232891031
1982.3 0.193648092
1794.7999999999995 0.247784224
1994.2999999999997 0.223951978
1874.1000000000001 0.217516687
1808.1 0.249920759
1869.2 0.20459651
1847.8000000000002 0.224705354
1822.1999999999998 0.213656767
1771.6999999999996 0.249807909
1781.1999999999996 0.208914943
1752.8000000000004 0.228045183
1793.8999999999999 0.214148377
1873.4 0.230465849
1779.8000000000002 0.247307266
1832.3999999999999 0.18603978
1936.8 0.276026886
1818.8999999999996 0.21354452
1898.0000000000002 0.200248263
1734.5999999999997 0.223434183
1838.1 0.218346022
1831.2999999999995 0.25007339
1885.3000000000002 0.219155689
1707.8999999999996 0.243949957
1940.8999999999996 0.221508295
1781.1 0.328404313
1898.6 0.229276845
1944.7999999999997 0.222651257
1959.1 0.243151231
1881.0000000000002 0.233346404
1783.2999999999997 0.21301262
1751.5999999999995 0.218683737
1813.4999999999993 0.18607162
1707.9999999999998 0.160355223
1850.6 0.209181969
1789.0000000000002 0.209542275
1811.9 0.204290611
1966.3999999999999 0.215554602
1755.3999999999996 0.21382631
1848.2999999999997 0.202362333
1813.1 0.214936467
1729.7999999999997 0.218450569
1739.3999999999999 0.203806277
1788.9 0.182895018
1804.7999999999995 0.192161316
1833.1999999999996 0.215344945
1791.9 0.252057421
1905.4999999999998 0.220208986
1989 0.192329218
1732.1000000000001 0.221123153
1791.7999999999995 0.20022665
1832.7999999999997 0.19813922
1729.4999999999998 0.206293552
1856.2999999999997 0.23265393
1796.8 0.229585934
1750.9 0.188730546
1902.3000000000002 0.19718568
1824.6999999999998 0.219751486
1766.7999999999997 0.19597777
1782.9999999999993 0.206211446
1880.3 0.224363547
1774.3 0.251070548
1775.8999999999994 0.229360803
1782.8 0.218388839
1966.3 0.230751838
1827.8999999999999 0.257609426
1835.8999999999999 0.254403971
1740.9 0.183109494
1739.6999999999998 0.197278842
1755.5999999999997 0.205673238
1840.3999999999996 0.251738906
1789.7 0.257981584
1867.3999999999996 0.203438031
1861.7999999999997 0.179937542
1819 0.228601914
1846.8000000000004 0.234938512
1823.2 0.201761057
1919.7999999999995 0.187736606
1829.1 0.242005805
1897.9000000000003 0.223373187
1773.4999999999995 0.167011731
1725.3999999999999 0.226902045
1955.2 0.204365018
1716.4999999999993 0.169205793
1904.3999999999999 0.228027024
1963.4 0.212557155
1849.7999999999997 0.218706898
1807.1999999999998 0.195502858
1824.3000000000002 0.199249001
1815.4999999999995 0.247429829
1713.8999999999996 0.220952539
1772.8 0.22318105
1755.2 0.20072273
1961.4999999999995 0.227060695
1829.2 0.19521794
1783.9 0.211549587
1799.1 0.207636022
1735.5000000000002 0.221721705
1779.4999999999998 0.201864262
1864.5 0.181904389
1999.9 0.256628825
1907.7999999999997 0.255395544
1720.7000000000003 0.195882514
1841.4999999999998 0.197143436
1818.4 0.177015378
1813.3999999999996 0.237501057
1847.9 0.205444869
1897.1000000000001 0.218139804
1880.4999999999998 0.209985661
1844.7000000000003 0.238830893
1965.4 0.243610819
1891.9999999999998 0.229357582
1812.7 0.214949229
1885.7 0.193998379
1758.0999999999997 0.214263148
1891.6999999999998 0.217629843
1791.7000000000005 0.182625802
1790.8999999999996 0.276682231
1839.3999999999999 0.2178629
1892.3 0.219495456
1833.4999999999995 0.22712557
1767.0999999999997 0.2632198
1820.1999999999998 0.215010263
1755.9999999999998 0.168925908
1784.3 0.195750551
1873.3999999999994 0.240037606
1858.9999999999995 0.228659564
1799.8000000000002 0.190485171
1759.3 0.215122579
1823.9 0.227661621
1837.6999999999998 0.187775672
1904.2 0.222114842
1819.8000000000004 0.229157597
1826.3000000000002 0.215591609
1768.8 0.207788583
1839.5 0.191954845
1822.4999999999995 0.174601048
1792.1000000000001 0.23409298
1810.8999999999999 0.207035585
1782.6000000000001 0.268506153
1762 0.207304216
1789.8 0.206961655
1799.5999999999997 0.191239963
1886.4 0.225540128
1785.0999999999997 0.243074488
1907.7 0.206869952
1773.5000000000005 0.224704999
1981.1999999999998 0.245453649
1806.3000000000002 0.20446911
2020.3 0.202094254
1842.7999999999997 0.202733207
1741.1 0.254422649
1862.8 0.197180172
1763.7999999999995 0.228434041
1924.0000000000002 0.201888724
2009.0999999999997 0.171675889
1802.9999999999995 0.212880956
1798.1000000000001 0.1989401
1948.4999999999998 0.210815673
1900.4999999999995 0.193015029
1781.8999999999999 0.225736678
1866.7000000000003 0.201617712
1830.2999999999995 0.166307809
1800.2999999999997 0.26930321
1828.9999999999998 0.238355198
1823.7999999999995 0.228402223
1775.1999999999998 0.27277457
1859.8999999999996 0.178245853
1922.3999999999996 0.202684599
1831.5 0.204433921
1920.3999999999996 0.244438356
1832.6000000000001 0.245378846
1781.3 0.24419111
2012.4999999999998 0.182772107
1857.1999999999998 0.217535897
1780.3999999999999 0.169724132
1748.5999999999997 0.236306508
1845.5999999999995 0.256218976
1801.4000000000003 0.179258386
1746.1000000000001 0.186506977
1892.5 0.194464589
1821.8999999999999 0.216397832
1792.3999999999996 0.227950282
1911.3999999999994 0.230410039
1870.8999999999994 0.189299691
1934.2 0.201898035
1801.5000000000002 0.197518948
1820.1000000000001 0.233972294
1769.6 0.216240628
1735.4 0.196973012
1781.6999999999996 0.227332707
1928.3000000000002 0.20621031
1753.2999999999997 0.203616972
1735.9999999999998 0.227103862
1960.1000000000001 0.196792562
1782.3999999999999 0.206336052
1790.5999999999997 0.18777226
1767.4999999999998 0.220404442
1898.8000000000002 0.222752737
2023.2000000000003 0.257050134
1831.3999999999999 0.232647847
1781.2000000000003 0.211089541
1780.4999999999998 0.215586642
1792.6999999999994 0.226315851
1873.4 0.214073241
1750.9000000000003 0.1826582
1818.4999999999998 0.234938627
1852.5000000000002 0.189301454
1774.9999999999995 0.132279471
1887.6999999999998 0.264171786
1930.9000000000003 0.241214074
1779.2999999999997 0.205854907
1849.5000000000002 0.244372087
1822.6 0.197142834
1928.4 0.217364096
1727.8000000000002 0.165060849
1900.5999999999997 0.248464032
1822.9999999999998 0.188127018
1794.9000000000003 0.220311794
1868.8 0.1898238
1752.4999999999998 0.217107369
1791.3 0.188998749
1830 0.19504121
1821.2000000000003 0.185177919
1770.6999999999996 0.218861705
1738.6 0.232634451
1847.7999999999995 0.204052307
1898.0999999999997 0.253164023
1833.8 0.204918686
1866.3999999999994 0.198550927
1789.6000000000004 0.194072321
1915.1 0.233642231
1784.8999999999999 0.250647693
1859.0000000000002 0.175176979
1850.1000000000001 0.195459282
1790.9999999999995 0.217685123
1884.1 0.205335313
1825.8999999999999 0.218369988
1728.6 0.228247628
1864.2999999999997 0.209746045
1844.8999999999999 0.206354382
1847.0999999999997 0.285284032
1797.6999999999998 0.214916991
1795.1000000000001 0.238902228
1724.1000000000001 0.209839566
1869.5 0.241095629
1982.1 0.184513625
1808.4000000000003 0.189948401
1928.5999999999995 0.188749437
1900.7 0.22364885
1803.7000000000003 0.215670954
1859.6999999999994 0.175360575
1771.8999999999994 0.23761526
1913.6000000000001 0.250920398
1758.4000000000003 0.234415063
1763.2999999999995 0.249436882
1844.3999999999999 0.225285303
1754.1000000000001 0.172312503
1841.7999999999997 0.25149023
1869.6999999999994 0.185018467
1814.6999999999998 0.215229006
1956.7999999999995 0.180089702
1773.1 0.213895861
1870.6 0.205984027
1746.3 0.215548471
1765.7999999999997 0.200506399
1914.7 0.155144236
1879.8999999999999 0.156337845
1792.8 0.186323702
1805.3999999999999 0.175275077
1803.1999999999996 0.207308458
1850.8999999999996 0.193217943
1879.9999999999998 0.181620352
1854.4999999999995 0.196811249
1913.6 0.20186301
1989.8999999999999 0.206726401
1831.6999999999996 0.217907341
1916.3999999999999 0.198013414
1747.6999999999998 0.22998077
1817 0.214779859
1901.3999999999994 0.274930212
1937.9999999999995 0.195027638
1952.5 0.189121612
1753.6999999999998 0.168890023
1813.2999999999997 0.257293274
1903.9999999999995 0.250728761
1833.2999999999993 0.215091456
1738.6999999999998 0.271738243
1967.3999999999999 0.193405177
1949.7 0.194720123
1862.2999999999995 0.195168099
1764.6999999999998 0.232844005
1825.3999999999996 0.188334208
1793.8999999999996 0.220872961
1792.0999999999997 0.226221669
1921 0.280222128
1889.6000000000004 0.251823466
1826.0000000000005 0.22947582
1842.1999999999998 0.205426788
1952.5 0.211679266
1891.1 0.17733919
1909.1999999999998 0.239475045
1770.6999999999994 0.204352462
1808.6999999999996 0.20927104
1853.5999999999997 0.201127746
1960.1999999999998 0.250377971
1808.4 0.227240346
1793.1999999999998 0.195363722
1854.6000000000001 0.193819012
1899.9999999999995 0.170266134
1827.6000000000001 0.222131369
1819.2 0.220148369
1735.5 0.241709856
1852.6 0.208552917
1885.8 0.201401993
1793.7999999999997 0.22903362
1955.4 0.225475848
1772.4 0.189663585
1956.8 0.203661057
1774.7 0.219799839
1767.8999999999994 0.22873722
1803.4 0.20195689
1815.8999999999996 0.20077332
1983.1999999999998 0.224292241
1879.1 0.211937618
1720.6999999999998 0.189253302
1901.2 0.231199357
1813.3 0.231244009
1903.5 0.214242484
1787.4 0.166714824
1865.7 0.204917659
1751.3 0.223111605
1846.8 0.206094417
1842.7000000000003 0.189867407
1819.6 0.231154686
1926.1999999999998 0.201367043
1769.8999999999994 0.175941213
1731.4999999999995 0.192598045
1784.6 0.221426382
1777.4 0.232042223
1821.8 0.211631818
1796.8999999999999 0.186952134
1815.7999999999995 0.217960112
1846.4999999999998 0.206009794
1953.7999999999995 0.220021469
1851.2 0.173559901
1969.4999999999998 0.240642522
1839.7 0.229413171
1868.9999999999998 0.212552837
1818.3 0.219841318
1876.3999999999999 0.215878939
1772.8 0.205525499
1803.4 0.180952586
1763.1000000000001 0.216759337
1818.0000000000002 0.224627659
1796.3999999999999 0.203024033
1853.8000000000002 0.215805027
1816 0.189775145
1818.1 0.191730231
1919.9 0.239035385
1782.7999999999997 0.233328999
1957.2 0.230807854
1974.9999999999998 0.218868819
2003.1 0.17874851
1919.4999999999998 0.254624087
1782.3 0.220500027
1745.4999999999998 0.206602087
1925.1999999999998 0.200785578
1840.3999999999999 0.259470081
1882.5999999999997 0.16602977
1813.0999999999997 0.251844794
1806.8 0.238889898
1764.6999999999998 0.251021762
1827.6999999999998 0.249267827
1761.5000000000005 0.202599708
1895.8 0.215630475
1880.5 0.194881277
1840.4999999999998 0.269740412
1871.5 0.265923152
1856.4999999999998 0.203385894
1865.2999999999995 0.203923207
1814.7999999999997 0.204982441
1804.9 0.230545321
1740.1 0.202684261
1869.1000000000001 0.233504429
1862.5 0.267844832
1899.9999999999995 0.291856953
1886.2 0.231208319
1755.6999999999996 0.192243421
2016.9999999999998 0.333310085
1834.3999999999999 0.210017544
1778.5999999999997 0.241135724
1812.2999999999997 0.213347245
1905.1000000000001 0.225031735
1883.7 0.230971004
1789.8 0.207026161
1775.3999999999996 0.213710885
1902.8 0.20260894
1852.8999999999999 0.205246329
1941.3999999999996 0.22981592
1745.1000000000001 0.210673357
1706.2 0.185853743
1914.3000000000002 0.200340641
1798.2999999999995 0.192939873
1786.2999999999997 0.20944876
1809.9 0.186117365
1787.4999999999995 0.218388847
1716.2999999999995 0.227638833
1849.5000000000002 0.176856654
1761.2999999999997 0.220526621
1866.3999999999996 0.247039914
1964.6999999999998 0.1942856
1772.0999999999997 0.223184474
1759.8999999999999 0.20788243
1825.7999999999995 0.194043656
1764.3999999999999 0.230633076
1832.4999999999998 0.218232218
1820.3999999999999 0.238099474
1816.5 0.201572462
1866.6999999999996 0.220600688
1835 0.188566243
1835 0.207098664
1878.1 0.231282221
1842.6 0.164153754
1791.2000000000005 0.204066614
1911.1 0.218610207
1838.5 0.202611499
1843.5 0.195220525
1882.3999999999999 0.189085445
1850.8000000000002 0.16724048
1753.6 0.260972351
1809.8999999999999 0.214219447
1899.6 0.219757989
1718.6999999999998 0.215125937
1930.6 0.211024204
1831.4 0.231147565
1846.6999999999996 0.221251449
1786.8999999999996 0.201234778
1784.0999999999997 0.237181193
1941.9999999999998 0.197031587
1927.4999999999993 0.211419436
1902.8 0.152473718
1717.9999999999995 0.209038843
1780.6 0.235287953
1809.7999999999997 0.217810008
1907.6999999999996 0.204273725
1816.7999999999995 0.189628649
1817.1 0.249576875
1766.2999999999997 0.255541332
1892.4 0.227403262
2027.6999999999996 0.184203659
1928.9999999999998 0.228514824
1896.3 0.235815997
1915.6999999999998 0.220376833
1937.6000000000001 0.207351672
1744.8999999999994 0.218363218
1892.1999999999996 0.19693216
1825.3 0.231061128
1717.9999999999998 0.226131565
1893.3999999999999 0.169578421
1765.3 0.201727505
1751.0000000000002 0.164965801
1864.5000000000005 0.234913335
1815 0.24559922
1772.7000000000003 0.278158447
1861.6999999999998 0.197148724
1805.2999999999993 0.233927447
1788.9 0.230032574
1920.8 0.191218052
1848.8000000000002 0.198596272
1873.1000000000001 0.202396236
1788.3 0.227605691
1706.2000000000003 0.222250044
1865.6 0.199248072
1824.1 0.219402019
1759.1999999999998 0.211123421
1917.5 0.214840019
1863.1999999999998 0.267007487
1909.8 0.302934401
1976.2999999999997 0.194993492
1758.7999999999995 0.21164074
1871.5999999999995 0.228615494
1825.8000000000004 0.24389338
1780.3000000000002 0.173446901
1842.6000000000001 0.192381116
1777.3999999999996 0.201472056
1909.4 0.188143228
1825.8000000000002 0.165821887
1837.6000000000001 0.228453849
1933.9 0.249122556
1919.8999999999999 0.206474621
1739.0999999999995 0.233218902
1893.6999999999996 0.217431467
1811.6999999999991 0.206583739
1858.8999999999994 0.215874146
1761.5000000000002 0.281107442
1720.6999999999996 0.221757041
1840.7999999999995 0.22394529
1957.6999999999996 0.231787953
1770.6999999999994 0.172398735
1721.8999999999999 0.209089585
1817.3999999999994 0.211963951
1819.0000000000005 0.217568278
1780.3000000000002 0.203364659
1890 0.184337056
1770.1 0.245020835
1747.6999999999996 0.18993412
1725.4999999999995 0.279512617
1847 0.197874223
1906.7999999999997 0.219107792
1759.5 0.200061172
1823.2 0.217465128
1757 0.208003685
1883.1999999999998 0.253382091
1827.2999999999995 0.190839862
1776.6 0.22899903
1822.6000000000001 0.244094617
1775.8 0.230624476
1839.2 0.213409035
1919.6 0.208560884
1807.5000000000005 0.219879989
2047.1 0.233075592
1922.2999999999997 0.247165944
1843.9999999999993 0.205414695
1820.3 0.203519312
1764.2 0.242842247
1847.1999999999998 0.248602431
1792.9999999999993 0.210444397
1985.5000000000002 0.17003593
1753.9999999999998 0.224368457
1910.1000000000001 0.211616886
1827.5000000000002 0.209857024
1741.3 0.225764936
1831.0999999999997 0.206041373
1787.6 0.239575114
1860.7999999999997 0.222046722
1907 0.192701661
1844.9999999999998 0.258609121
1839.4000000000003 0.180504909
1851.8999999999999 0.220175102
1901.1999999999996 0.177232771
1856.1 0.248025135
1917.1000000000001 0.241019139
1735.8999999999996 0.200538306
1778.3 0.191764022
1789.5000000000002 0.210243927
1871.3999999999996 0.17051938
1835.7 0.184172242
1753.9999999999998 0.180943835
1863.8999999999994 0.173459612
1753.7000000000003 0.220732106
1781.3999999999999 0.213494663
1771.2 0.225211122
1895.5999999999997 0.217485743
1915 0.204605024
1756.5 0.223386924
1817.8999999999999 0.180986149
1795.6 0.202721714
1774.6 0.17725725
1737.1999999999998 0.211052446
1924.6999999999996 0.242089741
1778.8000000000002 0.237656717
1826.0999999999992 0.203282156
1811.6 0.175501659
1836.1000000000001 0.223770179
1867.0999999999997 0.214246144
1770 0.22458025
1894.8000000000002 0.225549695
1802 0.2196899
1885.5 0.171831427
1884.0999999999997 0.195443654
1843.8 0.22418589
1762.4999999999995 0.227254987
1921.6999999999998 0.212109838
1753 0.197166067
1735.4999999999995 0.165851111
1832.1999999999998 0.20592018
1900.4 0.22285965
1823.1999999999998 0.236910288
1883.7000000000003 0.187249114
1805.0999999999997 0.242901192
1937.8999999999996 0.162570918
1801.3 0.181514256
1784.1999999999994 0.230343653
1920.1999999999998 0.180162259
1891.6999999999998 0.223598734
1898.3 0.231836522
1785.7 0.231926548
1833.8999999999999 0.227696386
1810.1999999999998 0.220132687
1761.0999999999997 0.228548288
1845.2 0.194294272
1830.7999999999997 0.204107303
1752.7999999999995 0.182394999
1770.8999999999999 0.211022454
1830.7999999999997 0.236163536
1883.6999999999998 0.169076696
1906.9999999999995 0.189710035
1746.0999999999997 0.232497221
1937.9999999999998 0.210086114
1786.6999999999994 0.281353927
1825.8999999999996 0.208158668
1803.0000000000002 0.208912004
1773.4000000000003 0.241993575
1825.8 0.245072156
1766.8999999999992 0.230575104
1963.9999999999998 0.265272027
1845.3 0.243320655
1755 0.189289676
1875.8 0.212586619
1787.8999999999999 0.161557748
1956.5999999999992 0.241692601
1891.2 0.299638514
1931 0.173169853
1858.5 0.24410367
1798.1999999999994 0.258820667
1780.4 0.246276068
1872.8999999999996 0.208302231
1861.5 0.380193535
1980.6 0.253424884
1825.6000000000004 0.196661741
1880 0.228663291
1904.2999999999997 0.18503152
1841.3999999999996 0.219601577
1818.2000000000003 0.196475888
1931.3 0.214030291
1854.6999999999998 0.228166665
1754 0.215362126
1848.2 0.209939574
2015.6000000000001 0.228714795
1942.2000000000003 0.20976129
1799.1999999999998 0.190860268
1779.1 0.204974007
1768.7000000000005 0.207973596
1861.6 0.207150978
1995.4999999999995 0.205069129
1841.4999999999995 0.183087299
1809.6999999999998 0.225110717
1787.7999999999997 0.211876947
1821.6 0.232882465
1804.5 0.201516247
1815.6999999999996 0.21772683
1826.8 0.22502051
1876.1999999999998 0.210841037
1770.5 0.229360919
1782.6000000000001 0.25073402
1827.1999999999998 0.221291898
1876.4999999999993 0.225213766
1808.8000000000002 0.224442517
1914.2999999999997 0.179890547
1896.5999999999997 0.265764661
1744.0000000000002 0.186319203
1742.6999999999991 0.149942012
1808.3999999999996 0.215096776
1805.3999999999992 0.209645933
1800.7000000000003 0.272062932
1804.9999999999998 0.223119512
1736.2 0.228790955
1735.3999999999996 0.177930761
1814.4 0.169643003
1825.8999999999999 0.193856566
1772.9 0.202846794
1862.8999999999994 0.242413936
1892.5999999999992 0.16951212
1864.1 0.242565962
1783.5000000000002 0.177371699
1812.3999999999996 0.196590176
1795.5999999999992 0.204620118
1788.9999999999998 0.224578856
1861.2999999999995 0.262947684
1822.9999999999998 0.17318915
1839.4999999999998 0.220026995
1839.7000000000003 0.218708513
1773.8999999999999 0.232954997
1781.3999999999994 0.20977072
1855.6999999999996 0.230346648
1748.0999999999997 0.238757955
1906.3999999999996 0.204837679
1817.4000000000005 0.236164295
1772.5999999999997 0.194152839
1867.2 0.197984502
1914.1999999999996 0.237521274
1788.3 0.262752833
1886.7 0.238605189
1976.6 0.193121673
1820.5 0.241151846
1899.7 0.203425199
1767.7000000000005 0.239748192
1781.8 0.228003542
1764.6 0.231477962
1890.8 0.217587782
1863.1 0.229550678
1985.9 0.241545002
1839.8999999999999 0.204091921
1765.4999999999995 0.221671958
1830.6999999999998 0.177837445
1787.6000000000001 0.175004634
1784.9 0.232620813
1808.6999999999996 0.215603808
1837.2999999999995 0.216674921
1858.6999999999996 0.199647823
1926.1999999999998 0.208927718
1773.1000000000001 0.226813883
1875.1000000000001 0.227274362
1832.9 0.186482146
1775.4 0.202895739
1727.1000000000001 0.205762295
1900.3999999999994 0.205313161
1829.2 0.231189948
1915.4 0.196549175
1940.4 0.19785111
1842.6000000000001 0.240748453
1832.3999999999996 0.201321647
1851.4000000000003 0.191049633
1837.8 0.251333666
1858.4999999999998 0.195469555
1877.9000000000003 0.216139745
1809.1999999999998 0.248062916
1753.5 0.212902448
1816.3999999999999 0.241345845
1790.7 0.232950604
1786.7999999999997 0.214200115
1875.2 0.181010604
1820.5 0.203829758
1916.9 0.208567754
1879.1999999999994 0.178483257
1721.8999999999999 0.200848763
1856.7999999999995 0.198225203
1861.3 0.210764144
1802.4 0.153713885
1829.5 0.164089773
1823.3999999999994 0.233908936
1945.3999999999996 0.158171371
1716.4999999999995 0.219713101
1934.4 0.218262248
1749.9999999999998 0.240079181
1942.1999999999994 0.194476298
1875.0000000000002 0.1876033
1923.4999999999998 0.196648703
1844.1999999999996 0.249121973
2023.3 0.240190285
1856.9 0.227723611
1835.8 0.240725156
1890.4999999999998 0.255788205
1827.8999999999999 0.275571665
1822 0.207186759
1797.6999999999998 0.222911679
1877.3 0.219406308
1805.8999999999999 0.238829502
1760.3 0.236627944
1891.2 0.218767333
1828.5999999999997 0.260146239
1883.0999999999997 0.202044097
1860.4999999999995 0.238491434
1758.4000000000003 0.260906376
1968.4 0.184597303
1761.3999999999996 0.188698323
1864.8999999999996 0.222947758
1956.4 0.186609332
1826.8 0.223689126
1862.8999999999996 0.222394457
1872.1999999999998 0.220913027
1742.4999999999998 0.194838514
1846.1999999999998 0.205973774
1721.1999999999996 0.226665012
1966.1999999999998 0.201216027
1839.7 0.219477447
1846.5000000000005 0.22904455
1892.5 0.221718137
1895.2999999999997 0.159086481
1997.9999999999993 0.208935077
1911.9999999999998 0.226998877
1874.3000000000002 0.209181625
1765.6 0.244931356
1718.6999999999994 0.205914953
1776.2999999999997 0.217947656
1814.1000000000001 0.224567485
1868.8999999999996 0.184416984
1913.3999999999999 0.188147314
1854.8999999999996 0.21506926
1927.6999999999998 0.199409614
1914.1999999999996 0.215174878
1772.5999999999992 0.180267314
1863.7000000000003 0.219428147
1895.5999999999997 0.199269767
1864.1999999999998 0.194202051
1831.9 0.219674994
1911.4 0.182861015
1766.3999999999996 0.206907883
1938.6999999999998 0.183656629
1874.0000000000002 0.222237507
1765.4999999999998 0.220028336
1859.5999999999997 0.199781592
1916.8999999999994 0.229660432
1902.9 0.209531162
1734.6999999999996 0.217675371
1789.6999999999998 0.253087797
1823.5 0.202269452
1799.0000000000002 0.210704973
1794.0000000000002 0.220364284
1758.4 0.221931793
1825.6000000000004 0.233713565
1851.8000000000002 0.226487691
1830.8999999999999 0.22814334
1872.7999999999995 0.222114958
1976.6000000000001 0.171663201
1797.3999999999996 0.237864571
1817.5 0.228611736
1806.2999999999993 0.234160834
1840 0.194087877
1735.7999999999997 0.228254015
1781.0999999999997 0.222499888
1976.6000000000006 0.241300395
1876.3 0.200973682
1856.5 0.24736851
1792.3000000000004 0.18910115
1859.9999999999998 0.210624272
1810.6999999999996 0.230565974
1854.8999999999999 0.211570769
1836.3999999999994 0.22141709
1821.4999999999998 0.239022761
1887.8999999999996 0.17958758
1838.1999999999998 0.222338293
1872.8999999999996 0.218428693
1816.1000000000001 0.231348088
1871.4999999999998 0.228011721
1915.8 0.287032634
1822.1999999999996 0.245329853
1919.8 0.234220153
1754.2999999999995 0.245149979
1847.2999999999995 0.237336646
1773.4999999999998 0.182005289
1876.1999999999998 0.23424748
1765.2 0.210834909
1865.0999999999997 0.284774987
1779.3999999999999 0.176232058
1863.8 0.250399804
1851.1000000000001 0.23045254
1770.7 0.222683417
1992.5999999999995 0.246914357
1795.6999999999998 0.175700068
1815.4999999999998 0.193633371
1781.7 0.221875936
1833.3999999999999 0.252188033
1820.5999999999997 0.199438374
1882.8999999999999 0.237379012
1857.6000000000001 0.224811838
1820.8999999999996 0.220417553
1898.1000000000004 0.226789947
1813.2000000000003 0.175191139
1823.3 0.227335339
1777.8 0.186629039
1793.4999999999998 0.193994632
1896.8999999999999 0.192778205
1827.5999999999995 0.242488232
1881.5 0.236182976
1812.7 0.232970826
1828.7 0.179277739
1800.6999999999998 0.218886405
1736.6999999999994 0.231509609
1897.6999999999996 0.198605584
1806.9999999999995 0.220581561
1792.5999999999992 0.21932942
1772.1999999999994 0.242788213
1859.6999999999998 0.187960018
1863.1999999999998 0.197044473
1865.1000000000001 0.176510633
1793.9999999999995 0.218490502
1851.8999999999999 0.233508874
1935.5999999999997 0.220395217
1819.3999999999996 0.19272702
1972.2 0.204428147
1741.4999999999998 0.174597967
1910.5 0.224373862
1909.4999999999998 0.239047621
1798.4000000000003 0.241005625
1826.8000000000002 0.212808025
1851 0.214245364
1823.8000000000002 0.222189396
1926.0000000000002 0.191460513
1887.1 0.178937423
1803.2999999999997 0.259922652
1735.4 0.177794344
1827.3999999999999 0.235450045
1918.7 0.245470345
1736.6 0.221878522
1825.9 0.171133251
1818.4999999999993 0.247844566
1748.1999999999994 0.21375994
1845.6999999999994 0.202502083
1784.3999999999999 0.209878129
1695 0.204785039
1821.2999999999997 0.207345633
1783 0.227120605
1798.8 0.203887331
1797.0999999999997 0.186377976
1888.6 0.198610243
1838.2 0.27405931
1760 0.196317529
1735.3999999999999 0.221721874
1983.3 0.19008927
1805.6999999999996 0.201579633
1752.9999999999995 0.1958724
1913.5 0.2242321
1796.5999999999997 0.229461533
1721.0999999999997 0.234137664
1864.9000000000003 0.219037844
1783.2000000000005 0.199315478
1742.5 0.210021669
1791.3 0.211573084
1834.6999999999996 0.212495714
1818.8999999999999 0.220692209
1950.8999999999999 0.205240549
1787.3999999999999 0.240041755
1752.4999999999995 0.198023537
1946.1999999999998 0.226565816
1764.4999999999995 0.254621945
1836.2000000000003 0.197224363
1787.1999999999996 0.188378931
1819.6 0.213297411
1842.4999999999998 0.214689112
1844.9000000000003 0.203210438
1713.9 0.236813845
1838.5 0.182398494
1835.1999999999996 0.206238214
1780.3 0.232561467
1894.9 0.186027673
1819.7 0.20477672
1811.8999999999999 0.234216252
1781.3999999999996 0.193907085
1834.4999999999998 0.231505606
1800.1999999999998 0.200253068
1792.5 0.220067165
1707.9999999999995 0.271961629
1874.1999999999996 0.186867017
1881.3999999999996 0.207433532
1764.4999999999998 0.200084088
1810.0999999999997 0.171124054
1914.5 0.202743653
1900.3999999999999 0.21867239
1871.7999999999997 0.200655164
1801.9 0.2405144
1748.0999999999997 0.233317398
1938.7999999999997 0.191099591
1922.1000000000001 0.212926676
1964.8999999999996 0.180408484
1841.7999999999995 0.198597019
1755.3999999999999 0.187852507
1756.1 0.164897729
1844.3000000000002 0.225558579
1898.4 0.209897722
1828.0000000000005 0.222531775
1894.1999999999998 0.17205619
1740.1 0.19076603
1766.8000000000004 0.187607471
1924.2999999999995 0.178707372
1773.0999999999995 0.25406739
1770.499999999999 0.214301252
1754.1999999999996 0.25485434
1740.1000000000001 0.223743572
1802.9999999999998 0.230229896
1831.5 0.238222246
1740.8 0.238329678
1832.9999999999998 0.20250846
1801.7999999999997 0.197580306
1908.4999999999995 0.205178416
1906.6000000000001 0.188671543
1849.4000000000003 0.252634435
1772.5 0.305528022
1802.1999999999998 0.192227806
1859.4999999999995 0.251527032
1797.1000000000001 0.178937201
1939.5000000000005 0.258434237
1755.4999999999993 0.240921293
1851.4 0.270073033
1781.5 0.196389381
1783.5 0.226514122
1917.4999999999993 0.200513948
1795.4000000000003 0.203775454
1848.6999999999996 0.253182
1877.8999999999999 0.240108677
1887.1999999999996 0.231312231
1805.6 0.235626721
1831.6999999999998 0.190705733
1821.1999999999998 0.187889918
1904.4 0.207391791
1767.5999999999997 0.245903953
1870.1999999999996 0.258045904
1755.3 0.234301767
1791.7999999999997 0.189743186
1883.6999999999998 0.207085474
1759 0.230095863
1934.7000000000003 0.208627914
1758.1999999999998 0.271278256
1988.8000000000004 0.202628564
1800.7999999999995 0.221776483
1865.2999999999995 0.257446107
1869.4999999999998 0.219193248
1993.2000000000003 0.210118399
1903.2999999999995 0.244944657
1817.9999999999993 0.177496032
1755.1 0.229405817
1777.1 0.203012843
1762.1999999999998 0.202110596
1887.8000000000006 0.205577398
1830.3999999999999 0.254879228
1741.2999999999995 0.196216462
1859.6999999999998 0.199347345
1755.6999999999998 0.183387505
1863.3000000000002 0.224561261
1746.3 0.204881832
1955.8999999999999 0.208563997
1884.1 0.251961975
1916.3000000000002 0.201151258
1976.1999999999996 0.196375189
1843.6 0.190974607
1837.7000000000003 0.182986642
1755.1999999999998 0.211414651
1851.3999999999999 0.22000521
1865.5 0.213657616
1924.7 0.193688627
1896.9 0.157966944
1953.1999999999998 0.19689231
1805.2000000000003 0.217369135
1883.2 0.223326621
1781.6999999999998 0.211636779
1749.0999999999995 0.218189154
1885.3 0.218304063
1779.8999999999996 0.219408125
1781.7999999999997 0.19654486
1842.8999999999999 0.196210243
1749.1999999999998 0.224705801
1831 0.245082482
1881.6999999999998 0.220157137
1799.2999999999993 0.191400324
1763.9999999999995 0.188185002
1779.1999999999998 0.243753987
1848.0999999999997 0.243915795
1797.7000000000003 0.182593601
1762.6999999999996 0.22787573
1964.7 0.201580499
1796.4999999999998 0.238688822
1845.7999999999997 0.231278351
1900.1000000000001 0.261930303
1831.8999999999999 0.213581601
1843.5 0.287997005
1933.8 0.202853011
1736.6999999999998 0.24178424
1901.1999999999998 0.344684509
1840.0999999999997 0.270723293
1965.7 0.231076785
1816.8999999999999 0.231989402
1853.5999999999995 0.256582353
1774.8999999999999 0.253456326
1947.9999999999998 0.225351774
1791.5 0.175774306
1794.3999999999996 0.229135841
1858.9999999999998 0.185104732
1875.0999999999997 0.226442489
1835.6999999999998 0.181911059
1861.3999999999999 0.199501025
1766.6000000000004 0.233550032
1885.9 0.221491378
1888.8999999999994 0.21919402
1851.5 0.23810609
1786.3 0.244904975
1897.4999999999998 0.274554513
1754.8999999999999 0.259371708
1761.2999999999995 0.260933604
1779.9999999999993 0.172403733
1855.3 0.219580898
1724.0999999999995 0.183092187
1782.6999999999996 0.208054953
1877.6 0.221456715
1880.8 0.244951698
1749.8999999999994 0.247144786
1821.7 0.19237759
1750.4 0.203057591
1915.8000000000004 0.247059259
1928.5 0.205419592
1739.5000000000002 0.188878073
1734.6 0.192866316
1721.8999999999996 0.215827868
1898.8 0.239607838
1843.6999999999998 0.202587688
1933.2 0.228187783
1738.6999999999998 0.227834501
1829.7999999999997 0.230111109
1711.0000000000002 0.173585819
1812.0999999999992 0.205754065
1738.4999999999998 0.229556051
1841.9999999999995 0.198022662
1719.8999999999996 0.206002604
1828.7000000000003 0.176626043
1875.8000000000004 0.215321556
1792.2000000000003 0.191546264
1763.5 0.189708785
1835.0999999999997 0.181950141
1825.7 0.221303867
1800.6999999999998 0.203849068
1763.7999999999997 0.23142767
1732.3 0.226393628
1798.6999999999996 0.228400574
1846.9 0.208780763
1788.8999999999996 0.227025007
1961.6 0.217841528
1884.1 0.227115513
1792.9 0.259487112
1776.3999999999994 0.214774945
1823.3999999999999 0.232184219
1907.4 0.227781004
1764.3000000000004 0.248341906
1849.0999999999995 0.217173366
1894.9999999999998 0.202308035
1772.1 0.185604807
1950.2 0.199245228
1843.0000000000002 0.22727677
1931.8999999999999 0.215204774
1868.9000000000003 0.211613747
1795.2 0.21596395
1786.1999999999998 0.182284481
1860.1 0.177711789
1837.1999999999998 0.241324806
1797.6000000000001 0.199404938
1862.6999999999998 0.202328143
1773.3999999999996 0.19112493
1759.7999999999997 0.185393569
1756.7 0.186169763
1797.8 0.203545928
1779.9999999999998 0.194947318
1847.7 0.258511923
2029.9 0.224592509
1755.1999999999994 0.146596384
1851.1000000000001 0.248281319
1761.3999999999996 0.214918879
1739.7 0.241849987
1757.7000000000003 0.228966109
1973.8999999999996 0.153914864
1812.2999999999997 0.223564386
1876.8 0.241739662
1842.8999999999999 0.183640154
1904.6999999999996 0.224929184
1747.6999999999998 0.194401323
1749.6000000000001 0.238002735
1788.8000000000002 0.225784854
1770.6999999999998 0.162454663
1823.4999999999998 0.201291195
1746.6 0.223307877
1746.1 0.265725035
1794.2999999999995 0.192095072
1806.8999999999999 0.213221585
1806.6000000000001 0.338445396
1835.3999999999999 0.246882284
1844.1000000000004 0.253142355
1751.6 0.220230545
1919.4 0.187129937
1965.5 0.24151611
1726.3 0.177718113
1769.5000000000002 0.198816655
1903.3999999999999 0.181351921
1987.6 0.170271781
1765.6999999999996 0.206971245
1921.9 0.243321306
1846.1999999999996 0.196321959
1875.6 0.206714437
1841.6999999999998 0.15848671
1815.6999999999996 0.206637303
1872.5 0.232745948
1805.2000000000003 0.235909927
1728.7999999999997 0.194137869
1801.6 0.175446617
1792.9 0.245362545
1840 0.220016409
1742.1 0.209435745
1788.9999999999998 0.218407428
1774.7999999999997 0.214729332
2029.5000000000002 0.2219891
1879.9 0.214644594
1846.2999999999997 0.170859399
1833 0.214387212
1836.9 0.240765466
1898.9999999999998 0.22187895
1835.3 0.235002446
1872.3 0.200270116
1908.6999999999998 0.202340714
1866.9 0.212922288
2011.1999999999998 0.217156452
1798.5 0.215665171
1794.8999999999999 0.228964679
1788.7999999999997 0.199733565
1821.1000000000001 0.243060811
1784.3999999999999 0.219460655
1777.7999999999997 0.185231304
1938.2000000000003 0.232906493
1764.6999999999994 0.175243291
1801.8999999999999 0.219372687
1810.5999999999995 0.191110614
1956.2999999999997 0.269812147
1877.4 0.221216831
1878.1999999999998 0.214256535
1782.4999999999995 0.210890288
1758.0999999999997 0.226692019
1878.0000000000002 0.216892574
1758.7999999999997 0.218314019
1958.0999999999997 0.200638592
1879.8 0.200831252
1952.5000000000002 0.192281021
1768.6000000000001 0.198480571
1855 0.202612031
1779.0000000000002 0.224371072
1811.3999999999999 0.219050545
1893.1999999999998 0.201156211
1786.3999999999996 0.203336731
1843.5 0.221139222
1851.7 0.215894255
1944.4000000000003 0.20679389
1744.8999999999999 0.209194722
1745.3999999999999 0.193019665
1797.8 0.191271863
2004.1999999999996 0.199474832
1774.1000000000001 0.219821461
1809.8999999999999 0.182882873
1826.5 0.180376298
1827.4999999999998 0.192661868
1864.9999999999998 0.202512394
1816.3000000000002 0.233617284
1870 0.239626022
1788.4999999999995 0.229213158
1944.2000000000003 0.229387614
1807.6 0.209880673
1764.6 0.176978626
2008.5 0.218893214
1789.1 0.22452709
1888.2999999999997 0.195210333
1873.0999999999995 0.190100345
1851.6000000000001 0.231346364
1930.2 0.229969648
1755.8 0.194114856
1893 0.204760202
1742.1999999999998 0.20841701
1856.8 0.193133232
1792.2 0.275938794
1945.2999999999997 0.181782947
1784.4999999999998 0.214547917
1702.5999999999997 0.211701141
1823.0999999999997 0.213735282
1793.0999999999997 0.211351991
1745.7000000000003 0.190033639
1807.2000000000003 0.205162449
1932.3999999999996 0.242085212
1834.6 0.21998016
1887.7 0.215527558
1908.5 0.247574247
1940.2999999999997 0.204335762
1869.9999999999998 0.196235553
1864.3999999999999 0.192392781
1863 0.181470371
1971.5999999999997 0.232413315
1921.8999999999999 0.249361469
1851.6 0.198783931
1795.2999999999993 0.214418869
1825.5999999999997 0.203922881
1876.3000000000002 0.177363647
1888.1000000000001 0.205869449
1816.1999999999998 0.250900526
1839.6000000000001 0.194942494
1870.1 0.206625913
1864.0000000000002 0.217242743
1845.499999999999 0.239764864
1924.6999999999998 0.187199497
1795.1 0.216975313
1978.7000000000003 0.25272444
1860.7000000000005 0.218167761
1752.8999999999994 0.259057369
1810.5999999999992 0.226402699
1768.2 0.215956003
1746.9999999999998 0.273786825
1786.5999999999992 0.256281241
1878.8999999999999 0.21767699
1913.8999999999999 0.251050294
1773.5 0.227725813
1894.3999999999996 0.232404641
1891.0000000000005 0.271722874
1905.7 0.260249179
1827.7999999999997 0.21024235
1868.3999999999999 0.21112034
1797.2000000000003 0.247709188
1751.7999999999997 0.230320571
1710.2 0.229892906
1798.6999999999998 0.306562082
1827.1999999999998 0.257249061
1868.8 0.26769962
1999.8 0.237177286
1851.5999999999995 0.270778965
1803.8 0.144385788
1842.1999999999996 0.221077768
1719.9 0.17854863
1909.7 0.19711771
1756.8 0.217368188
1808.2 0.204216735
1842.0000000000005 0.206880761
1969.6999999999996 0.234927115
1864.2000000000003 0.156019573
1777.5 0.233084309
1836.0000000000002 0.182940235
1826.9999999999998 0.195066441
1969.1 0.180050204
1958.5999999999997 0.158282243
1848.3999999999999 0.17390235
1739.1000000000001 0.259303836
1799.8 0.19191626
1771.7999999999997 0.223340327
1729.4000000000003 0.184680389
1915.7000000000003 0.205220579
1757.5 0.258812287
1795.6999999999998 0.221402416
1797.1999999999996 0.184658291
1752.7999999999995 0.205455404
1809.9000000000003 0.207134114
1881.8999999999999 0.226899837
1840.2 0.239265238
1838.4999999999998 0.180081278
1910 0.235412802
1857.5999999999995 0.218610778
1789.9000000000003 0.204804264
1820.5000000000005 0.236785193
1856.8 0.217420974
1831.1000000000001 0.220929395
1842.5000000000002 0.194862956
1865.1999999999998 0.219091547
1789.7000000000003 0.27713691
1888.8999999999996 0.181169274
1875.2 0.258501929
1888.1 0.225928977
1857.9999999999998 0.212031815
1787.6 0.203157551
1908 0.20714791
1837 0.224103776
1767.1000000000001 0.233234751
1867.1999999999998 0.212302119
1881.2 0.243506528
1842.2000000000003 0.17092632
1756.9000000000003 0.172045639
1849.1999999999998 0.228065349
1883.8999999999996 0.204927611
1885.1999999999998 0.22491603
1844.6999999999998 0.208457042
1871.7999999999995 0.231978231
1901.4999999999998 0.201793492
1777.3999999999996 0.193671494
1776 0.217369104
1761.3 0.153296419
1698.6 0.222733006
1818.0999999999997 0.243283172
1907.9999999999998 0.218770372
1816.0999999999997 0.209986059
1910.5999999999995 0.220745505
1928.5999999999995 0.222610985
1873.8999999999996 0.253783407
1739.0999999999995 0.187939898
1779.2999999999997 0.16879298
1749.6999999999998 0.214119003
1775.6 0.17998202
1878.0000000000002 0.2692887
1774.0000000000002 0.242864037
1884.4999999999998 0.207664358
1892.9999999999993 0.201317437
1952.4999999999998 0.209931917
1930.3999999999999 0.244993057
1931.3999999999999 0.207518311
1985.6 0.183807645
1849.6999999999998 0.237654063
1948.8999999999999 0.195767589
1874.7999999999993 0.20273543
1775.7000000000003 0.223394806
1806.8999999999996 0.221174298
1794.2 0.213599107
1810.4999999999998 0.233134158
1811.2999999999995 0.257943995
1868.2999999999997 0.220915104
1765.3999999999999 0.239503116
1919.3999999999996 0.234161359
1833.0999999999997 0.196972143
1840.0000000000002 0.244603273
1766.5999999999995 0.209984055
1712.8999999999999 0.204878206
1800.6999999999996 0.222847787
1858.0999999999997 0.207806816
1786.6 0.230589233
1820.8999999999999 0.203925448
1842.2999999999997 0.194096619
1821.7 0.208325827
1844.7 0.245859148
1898.3 0.188929655
1735.7 0.214007942
1823.7999999999997 0.163810114
1896.1 0.228936084
1825.6000000000006 0.209342541
1763.0000000000002 0.182469517
1788.6000000000001 0.195709725
1751.3999999999999 0.191700812
1829.3000000000002 0.229559263
1862.2000000000003 0.206820719
1708 0.188609867
1858.2 0.187792901
1895.1999999999998 0.170036662
1840.9999999999995 0.199859549
1830.9999999999998 0.225989751
1891.9999999999998 0.192845183
1754.2999999999997 0.211403633
1779.3999999999999 0.155426674
1886.9999999999995 0.232342238
1940.8999999999999 0.201412554
1794.6999999999996 0.204362583
1865 0.215230601
1838.1000000000001 0.208024216
1939.3 0.20335413
1962.5999999999997 0.213545641
1836.6000000000001 0.204453507
1858.1 0.188344589
1972.8999999999996 0.256256296
1759.7 0.204238894
1791.1999999999994 0.228659787
1932.2000000000003 0.196655119
1847.8999999999994 0.231661186
1748 0.201032771
1873.1999999999996 0.20510343
1834.5000000000002 0.189414467
1826.4999999999998 0.228363219
1919.3999999999999 0.18368512
1801.0999999999997 0.233902617
1878.3999999999996 0.223831409
1871.6999999999996 0.199732581
1768.9999999999998 0.210025105
1839.1000000000001 0.23371055
1807.2999999999997 0.190200752
1924.5000000000005 0.213941851
1961.8999999999999 0.205905887
1806.8999999999996 0.201753389
1904.8 0.214013985
1770.2000000000003 0.247053203
1876.4999999999993 0.194536834
1751.1999999999996 0.222383294
1863.3999999999996 0.202380603
1875.0999999999997 0.193329095
1911.8999999999999 0.189891553
1854.8999999999999 0.191822417
1895.6 0.1666599
1797.7 0.233750301
1753.3999999999999 0.200100574
1832.8999999999999 0.226224112
1994.7000000000003 0.183848982
1836.8999999999999 0.194873023
1793.1 0.221497623
1785.3999999999999 0.215636618
1784.4999999999998 0.245735205
1878.3999999999994 0.185605166
1756.5 0.199838247
1887.2 0.206087201
1812.4 0.217314656
1706.4999999999998 0.209899379
1780.6999999999996 0.171881328
1917.8999999999996 0.179833536
1757.3999999999999 0.190697728
1798.8999999999994 0.206292644
1905.0000000000002 0.192668934
1875.7000000000003 0.203946532
1748.8999999999999 0.197195328
1975.6999999999998 0.181620528
1818.3999999999999 0.218266263
1814.2999999999997 0.196633987
1849.5 0.235480595
1840.3999999999994 0.173652593
1863.8999999999999 0.260026957
1795.1999999999998 0.176116383
1790.1 0.238302195
1857.3000000000002 0.219301507
1838.1 0.182707788
1780.5999999999997 0.206282456
1859.9 0.231652543
1819.9999999999998 0.228269087
1855.9999999999998 0.190351423
1759.6999999999998 0.199430814
1811 0.23197311
1913.8 0.182793507
1807.1999999999996 0.227150589
1828.3000000000002 0.178716928
1747.1999999999996 0.203599804
1773.5000000000002 0.20399335
1833.6 0.198821385
1965.2 0.212163164
1767.7999999999995 0.22246293
1858 0.239064167
1855.1999999999996 0.213253167
1822.0000000000005 0.229358637
1735.3999999999999 0.208686295
1906.7 0.189172584
1713.2000000000003 0.230737389
1940.3000000000002 0.239420446
1823.4 0.194797906
1860.2 0.201605676
1840.8999999999999 0.225957717
1878.6999999999998 0.271037566
1826 0.211378947
1871.8999999999994 0.226687506
1875.3999999999999 0.25614009
1938.3999999999999 0.283977731
1918.7000000000003 0.289691492
1773.0000000000002 0.202480842
1772.0999999999997 0.200123378
1843.8999999999999 0.208388981
1761.6000000000001 0.256034167
1829.7000000000005 0.266132276
1754.6000000000001 0.250859564
1794.3999999999996 0.209007363
1828.2999999999997 0.226992507
1908.3999999999994 0.249366145
1842.7999999999995 0.261701855
1850.6000000000004 0.202353887
1785.9000000000003 0.241871018
1889 0.186232356
1809.5999999999995 0.213731738
1804.6999999999998 0.253352522
1777.3 0.186351859
1877.6999999999998 0.2032937
1878.0999999999997 0.198005446
1895.2 0.221555759
1895.2 0.213259381
1726.4999999999993 0.172513126
1769.6 0.221294497
1820.3999999999996 0.194930281
1707.9999999999998 0.193637082
1853.3999999999999 0.249706625
1787.3 0.218879927
1794.4999999999995 0.184409386
1798.3999999999996 0.20868122
1797.1 0.204610743
1785.2000000000003 0.194069559
1763.9 0.238376561
1868.9999999999998 0.221514737
1820.8999999999999 0.220098904
1818.9 0.214820128
1810.8999999999999 0.185083668
1807.9000000000003 0.166565943
1715.7 0.199138943
1891.0999999999997 0.202938638
1766.3 0.204011033
1779.6999999999998 0.218621722
1886.2999999999995 0.199502746
1716.5 0.193339096
1838.9 0.203178816
1753.6999999999998 0.208368315
1801.2 0.18636895
1923.6999999999996 0.226678455
1767.9 0.201659402
1799.8 0.204038681
1937.0000000000002 0.204074995
1722.5999999999997 0.218311914
1829.2999999999997 0.232395602
1903.4999999999998 0.241417585
1803.6999999999998 0.20464771
1827.6999999999996 0.255719056
1794.9999999999998 0.193930882
1780.4999999999998 0.200546584
1815.3999999999999 0.218227296
1729.7 0.211578177
1791.2999999999995 0.243027152
1847.1999999999998 0.22473818
1886.2000000000003 0.190503247
1823.3 0.195837938
1814.9999999999993 0.17465007
1820.8999999999996 0.219607977
1782.7999999999995 0.232866878
1773.3999999999999 0.212113683
1918.4999999999998 0.25150136
1850.9 0.233629142
1717.6999999999998 0.203953897
1887.6999999999998 0.227249085
1815.4999999999998 0.21153862
1893.3000000000002 0.231867083
1957.7 0.259426833
1855 0.230539638
1753.2999999999997 0.207765428
1880.3999999999994 0.242372023
1917.6999999999998 0.219530826
1773.1999999999996 0.203799976
1914.6999999999998 0.222151393
1805.2 0.228230768
1892.6000000000004 0.181917975
1818.1999999999996 0.223086214
1806.2 0.223583524
1853.3999999999999 0.240334876
1822.5 0.248698003
1769.7 0.226716229
1811.9 0.227989397
1967.6 0.217423705
1729.4999999999995 0.192136378
1782.7000000000003 0.19197762
1813.9999999999995 0.23003084
1863.7999999999995 0.254141063
1827.9000000000005 0.184728914
1846.0999999999995 0.205989771
1852.9999999999995 0.210906869
1866.9999999999998 0.197184632
1754.3 0.165314048
1709.5999999999997 0.213220301
1810.8999999999996 0.253002023
1791.6 0.249285451
1915.4000000000003 0.206413401
1799.6000000000001 0.207744466
1838.2999999999993 0.218750241
1820.8999999999999 0.218613233
1830.9999999999998 0.197879712
1838.1000000000001 0.206104703
1773.6999999999996 0.205453869
1820.9 0.193596544
1822.7999999999997 0.253055951
1883.6 0.159024729
1938.9999999999998 0.218732724
1751.3999999999994 0.206110518
1766.9999999999995 0.209383117
1844.8999999999999 0.198992895
1781.7000000000003 0.239017815
1855.4 0.244194678
1901.5000000000002 0.214653848
1839.7000000000003 0.185214381
1861.6 0.20282237
1821.8 0.223507653
1919.6999999999998 0.217541253
1822.7 0.231731849
1808.7999999999995 0.212169358
1852.1 0.203100545
1840.8999999999996 0.234524062
1952.0000000000002 0.229690701
1875.1 0.221043115
1776.8999999999999 0.299322907
1713.1999999999996 0.207093772
1787.8 0.232684605
1824.9 0.205509807
1905.3999999999999 0.198309429
1770.6999999999998 0.219392534
1809.6000000000004 0.195650298
1980.9000000000003 0.19583316
1850.7999999999995 0.246191985
1774 0.286781479
1800.6999999999998 0.293247783
1824.8 0.204590876
1832 0.212144474
1902.8 0.196034422
1842.9000000000003 0.213293183
1970.8000000000004 0.240976091
1853.8999999999996 0.22284227
1845.6000000000001 0.215001797
1795.9999999999998 0.214511599
1859.2999999999995 0.233766699
1839.0999999999997 0.2017775
1744.1999999999998 0.176019099
1799.2000000000005 0.216727138
1826.1999999999998 0.230310313
1908.3999999999999 0.241781633
1846.9 0.23065861
1942.3 0.200898196
1922.1000000000001 0.216166047
1819.8999999999999 0.201998031
1778.4999999999995 0.210507299
1780.4999999999998 0.175702842
1786.6999999999998 0.206282783
1886.3999999999999 0.239688238
1779.4 0.201480889
1752.7999999999995 0.227123193
1823.4999999999995 0.230242219
1962.1999999999996 0.249159274
1816.4999999999995 0.22177691
1746.6999999999998 0.245130959
1845.5999999999997 0.246307726
1759.4999999999993 0.244965412
1888.2000000000003 0.231935412
1884.6999999999998 0.193702489
1920.6 0.20662373
1825.7000000000003 0.189174196
1917.4999999999995 0.213688023
1941.5 0.21361034
1786.7000000000003 0.241296507
1895.8999999999994 0.207374953
1844.6 0.224083442
1796.7 0.193604426
1810.1000000000001 0.227863986
1783.4999999999995 0.224428956
1761.1000000000001 0.232909223
1758.4000000000003 0.226746961
1816.8999999999996 0.16306361
1925.1000000000001 0.189410455
1839.3999999999996 0.232986838
1920.7999999999995 0.253833279
1752.7999999999993 0.258175281
1787.7 0.266140354
1968.4 0.216935318
1809.7 0.214275533
1738.6999999999998 0.221806231
1849.7000000000003 0.202404521
1854.7 0.218852717
1855.3999999999996 0.183363646
1846.7999999999997 0.248814923
1992.3999999999996 0.205879813
1978.5000000000002 0.240490906
1794.0999999999997 0.19472131
1815.5999999999995 0.230492476
1803.6000000000004 0.194380852
1966.0999999999992 0.216903623
1791.0000000000002 0.219329043
1927.5 0.200319978
1856.6 0.228289284
1760.2999999999997 0.209840609
1771.7999999999997 0.219484124
1739.7 0.224016893
1828 0.228347985
1731.8 0.214221396
1778.7 0.202940751
1814.6000000000001 0.193296027
1772.5999999999992 0.194404911
1773.8999999999996 0.240249454
1880.8999999999996 0.229531716
1735.8999999999994 0.230807189
1859.5999999999997 0.194840669
1900.4999999999995 0.219459182
1941.6999999999998 0.197684639
1931.1999999999998 0.243981275
1837.6999999999998 0.197746751
1905.9 0.219567421
1886.4000000000003 0.254421367
1963.1000000000001 0.239109549
1924.7999999999997 0.237847296
1869.8 0.170267825
1857.8999999999994 0.206980523
1862.2000000000003 0.241053405
1879.8999999999999 0.191648023
1895.6999999999996 0.22445613
1876 0.19323014
1991.1999999999996 0.191930406
1805.8999999999996 0.183863385
1773.1999999999998 0.224356438
1771.1999999999996 0.252225901
1914.7999999999997 0.271352731
1787.9999999999993 0.206482642
1863.6999999999998 0.230223362
1820.0999999999997 0.201661393
1800.6 0.190878828
1828.8999999999996 0.22657406
1845 0.222214367
1785.1 0.219040169
1871.9999999999995 0.222139791
1807.7 0.242216885
1953.1 0.206233485
1754.4999999999998 0.220499402
1811.2999999999997 0.212112461
1760.7999999999997 0.236899446
1872.8999999999999 0.1978738
1912.4999999999998 0.229398
1847.4999999999995 0.185374422
1782.8999999999999 0.224206274
1868.7999999999995 0.22057158
1989.6000000000001 0.155644252
1826.1000000000001 0.184456489
1818.9999999999995 0.214394536
1979.1000000000001 0.21527154
1761.6999999999996 0.20196688
1712.8999999999999 0.194963162
1852.2000000000003 0.218827731
1864.5999999999997 0.226926163
1757.1999999999998 0.203498301
1729.4999999999995 0.191637868
1835.9999999999998 0.201481371
1734.7999999999997 0.198108302
1915.3999999999999 0.19295709
1839.6 0.201119656
1839.8999999999999 0.223074997
1761.8 0.185499201
1847.0999999999997 0.227446584
1706.9999999999998 0.294210142
1780.7 0.208686159
1907.7000000000003 0.212610772
1783.9999999999995 0.207385939
1868.6000000000001 0.237741118
1766.8999999999994 0.176549805
1776.4 0.189907042
1784.8999999999996 0.202324995
1940.5 0.20943688
1923.1 0.211374439
1911.8000000000004 0.218810284
1954.5999999999997 0.209477257
1876.5 0.22252009
1840.6000000000001 0.215056705
1945.5 0.232585434
1789.3999999999994 0.201041116
1852.6000000000001 0.203582235
1816.3999999999996 0.215606698
1858.0999999999997 0.222895632
1966.7 0.230549093
1776.0000000000002 0.19193056
1842.4 0.202145468
1921.8999999999999 0.212150148
1841.2 0.237545794
1775.1999999999998 0.229735095
1793.1999999999998 0.261830933
1796.3000000000002 0.153249758
1817.9999999999998 0.247097711
1791.7 0.211058281
1834.9999999999995 0.188230808
1837.9 0.181480373
1849.6 0.221920459
1790.9000000000003 0.229661698
1754.5999999999995 0.171513385
1764.1 0.200587682
1777.3 0.195038872
1905.8000000000004 0.187445322
1828.0000000000002 0.214617251
1766.8000000000006 0.194986345
1869.4 0.264131389
1746.0999999999997 0.237604257
1801.9999999999995 0.224484206
1763.5999999999997 0.201861758
1857.3999999999996 0.233943099
1803.0999999999997 0.240977776
1783.7000000000003 0.212678226
1856.2 0.209182823
1806.1999999999996 0.209857341
1793.2999999999997 0.249076115
1717.9999999999993 0.193236666
1913.0000000000002 0.206981625
1838.4999999999995 0.226104358
2055.9 0.209760698
1795.5999999999997 0.203230369
1848.4999999999998 0.231493829
1900.8999999999996 0.200112916
1801.7999999999995 0.226547697
1739.3999999999994 0.209089491
1820.8 0.211649437
1806.2 0.201284303
1950.3999999999999 0.198501082
1857.8999999999999 0.215451277
1966.7999999999997 0.216102449
1823.5 0.239139069
1897.1 0.247287632
1941.7999999999993 0.264640623
1850.6999999999996 0.26571239
1776.4999999999993 0.236899901
1805.1999999999996 0.214593925
1839.6999999999996 0.204453354
1761.7999999999997 0.19138603
1993.4 0.191239088
1794.8999999999994 0.187839617
1848.7999999999995 0.230661844
1855.9 0.221705187
1819.0000000000005 0.185036284
1936.0000000000002 0.222263604
1893.3999999999999 0.187875371
1745.6999999999994 0.198603331
1914.5000000000002 0.202575819
1865.6 0.225434371
1922.8999999999999 0.230511683
1832.3000000000002 0.210524422
1753.3999999999999 0.209254979
1781.5 0.212977728
1952.9000000000003 0.221427502
1861.3999999999999 0.194147475
1832.8999999999996 0.236582448
1857.8 0.234279243
1767.0999999999995 0.221206958
1712.9999999999998 0.229962969
1729.7999999999993 0.213156623
1760.2999999999993 0.235177019
1884.4000000000003 0.207507812
1808.5999999999997 0.235947997
1888.6999999999996 0.255056383
1877 0.233833556
1854.9999999999998 0.218073934
1877.2 0.183936258
1989.8999999999996 0.224540243
1867.1999999999996 0.212532358
1872.5999999999997 0.243600889
1753.0999999999997 0.213837954
1783 0.207360361
1953.5999999999997 0.218592767
1872.7999999999997 0.20213987
1801.7999999999997 0.21202961
1999.8999999999994 0.274189105
1868.3 0.250377493
1830.8000000000002 0.169735227
1815.4999999999998 0.162814711
1934.8000000000002 0.197935435
1837.7999999999997 0.21705357
1749.9999999999993 0.244216623
1992.3999999999999 0.215043168
1819.9999999999998 0.210928393
1764.2999999999997 0.217606268
1786.1999999999998 0.246011803
1818.4 0.16716258
1886.0999999999995 0.157971934
1774.1999999999998 0.21380556
1762.5 0.227507889
1799.1999999999998 0.226981709
1865.6999999999994 0.199887041
1834.1999999999998 0.167448308
1720.4 0.170471839
1721.9 0.246914958
1839.8999999999996 0.224531315
1870.2999999999997 0.210591952
1864.5999999999992 0.193262891
1847.6 0.194735318
1749.3999999999999 0.212013667
1819.0999999999992 0.192472109
1776.3999999999996 0.208170108
1753.5999999999997 0.179463058
1836 0.181880814
1849.0999999999997 0.203931733
1742.3 0.218303233
1917.1 0.192431207
1891.0999999999995 0.194485794
1776.5999999999997 0.175991387
2046.3999999999999 0.210110037
1852.9999999999998 0.293242165
1784 0.206585689
1971.7999999999997 0.200756771
1878.1 0.211446357
1751.8 0.189945746
1817.5999999999995 0.235938013
1772.6999999999994 0.177848527
1853.0999999999995 0.198503713
1825.0999999999997 0.229799333
1817.0999999999997 0.209968587
1887.2999999999997 0.172792139
1727.3999999999996 0.195921577
1818 0.218492197
1844.4999999999995 0.242796657
1986.5999999999997 0.217196759
1794.7000000000003 0.197105899
1846.3000000000002 0.250296841
1707.9999999999998 0.204884548
1834.7999999999997 0.190369798
1770.8 0.199453625
1718.0999999999997 0.230773281
1797.6 0.190551333
1944.1 0.211115867
1925.9999999999995 0.212342431
1702.5999999999997 0.218636684
1921.8999999999996 0.217526313
1854.7000000000003 0.260554226
2008.4999999999995 0.235355762
1968.3000000000002 0.23840007
1785.7999999999997 0.230355264
1818.4999999999995 0.222502716
1809.1 0.19253747
2037.6000000000001 0.264388613
1913.9 0.219481018
1727.2000000000003 0.179854369
1824.3999999999999 0.275596472
1764.3999999999996 0.251070013
1765.9999999999998 0.243390873
1803.3 0.240652353
1719.4999999999995 0.221815268
1809.6999999999998 0.21754634
1798.1 0.204500778
1835.8999999999999 0.212296606
1776.6 0.213022512
2005.6999999999998 0.2812445
1752.9 0.177389493
1783.8000000000002 0.237143469
1920.0000000000002 0.184077963
1873.9 0.265760577
1871 0.192846818
1912.7999999999997 0.298344775
1763 0.232214558
1863.3999999999994 0.226441603
1891.4999999999998 0.204592839
1801.6999999999996 0.202226993
1820.6000000000001 0.206059289
1724.7999999999997 0.242076777
1854.1999999999998 0.210283264
1771.2999999999993 0.233352065
1756.6999999999996 0.229004123
1725 0.149834088
1782.6999999999994 0.184289732
1841.4999999999995 0.211036433
1887.4999999999995 0.241569226
1810.8 0.235897483
1894.4999999999993 0.24297511
1923.1 0.241059415
1819.3000000000002 0.220105328
1737.5 0.246320727
1849.2999999999993 0.243996674
1847.3 0.213529405
1890 0.193314793
1823.6999999999998 0.201116878
1791.9000000000003 0.231234221
1855.8 0.166259023
1769.6999999999998 0.205992954
1865.3999999999996 0.215251619
1827.7 0.217890514
1830.0999999999997 0.202981471
1817.5999999999997 0.172794665
1789.8000000000004 0.206524073
1906.9999999999998 0.239290736
1971.1999999999996 0.198425306
1827.5 0.280079031
1816.3000000000002 0.267208441
1902.6000000000001 0.241697268
1838.7999999999997 0.214810002
1718.6999999999996 0.227972606
1885.4999999999998 0.215313242
1754.8000000000002 0.183176753
1829.8999999999996 0.206714027
1883.4999999999998 0.226672961
1791 0.184149338
1822.2000000000003 0.217535515
1764.2999999999995 0.199444226
1861.1 0.209179605
1779.9999999999995 0.227975617
1887.1999999999998 0.245034379
1840.1999999999996 0.162566617
1862.3 0.175611136
1866.1000000000001 0.224431378
1869.8 0.243109414
1791.6 0.190809277
1747.5999999999997 0.219544523
1804.9000000000003 0.192441376
1739.4999999999995 0.228489886
1830.1 0.207452389
1834.3000000000006 0.200928924
1867.1999999999996 0.248223099
1783.7999999999997 0.19960906
1916.5000000000002 0.223104818
1833.5 0.215725072
1739.3 0.200093736
1846.9999999999998 0.221641982
1906.2999999999997 0.219721674
1874 0.213629344
1804.2999999999993 0.19819688
1820 0.231060127
1781.5 0.187764644
1717.9999999999993 0.212233313
1923.1 0.195501449
1950.1999999999996 0.182254648
1895.5999999999995 0.228071946
1806.1000000000001 0.20271435
1843.8999999999996 0.216973618
1779.8999999999996 0.194691854
1848.3999999999992 0.20774049
1799.1000000000001 0.172659331
1784.7999999999993 0.242997967
1760.0999999999997 0.197850107
1805.5 0.191066677
1894.8999999999996 0.220883098
1851.5999999999995 0.215327973
1823.0999999999995 0.224217487
1931.8000000000002 0.270684284
1843.6 0.256902404
1945.3 0.237225091
1856.5000000000002 0.213177733
1890.6 0.226858671
1943.3999999999999 0.258396505
1817.4999999999998 0.184362362
1961.7 0.230900345
1805.8999999999999 0.176283858
1883.4 0.173532781
1831.2 0.197122492
1775.0000000000002 0.183071628
1738.2999999999997 0.219934362
1853.1 0.21090532
1802.8 0.213180889
2017.3 0.208445374
1824.9999999999998 0.233858676
1901.1 0.215157213
1845.5999999999997 0.22064282
1925 0.236456829
1814.6999999999998 0.186900343
1750.4 0.23922883
1857.6 0.197935569
1904.8999999999999 0.245928971
1770.3999999999999 0.274719825
1831.6 0.201836179
1761.9999999999998 0.196965868
1884.9 0.170597484
1794.9 0.216901482
1820.9999999999993 0.229187545
1838.8 0.223012825
1774.1 0.228366029
1890.7999999999997 0.313484386
1838.7999999999995 0.229279986
1825.5999999999995 0.198510367
1767.5999999999997 0.240972072
1894.8999999999996 0.207152481
1748.4999999999998 0.224502733
1933.6999999999996 0.223116423
1786.6999999999996 0.223937987
1901.8000000000002 0.206968368
1745.7 0.258950211
1788.8000000000002 0.201928739
1895.5999999999997 0.204999116
1806.5999999999992 0.183452742
1810.6000000000001 0.288003031
1826.2999999999993 0.205400607
1961.6000000000001 0.206176278
1826.5999999999997 0.225429049
1857.5000000000002 0.203837285
1822.5 0.192666407
1816.3000000000002 0.215970614
1773 0.201070745
1789.7999999999997 0.21327149
1810.3999999999999 0.18568081
1899.5999999999997 0.190876189
1889.4 0.214860303
1864.2 0.192664597
1797.4999999999998 0.204245152
1837.2000000000003 0.245277057
1794.3000000000002 0.22399553
1889.2 0.21201512
1798.3999999999999 0.194009163
1760.5 0.20401289
1786.4999999999995 0.221449827
1705.6 0.178739505
1842 0.220237501
1778.3999999999999 0.222700012
1755.2 0.268584392
1938.3000000000002 0.213114518
1848.1999999999996 0.240948333
1748 0.229365417
1817.6 0.196984535
1845.5 0.18881547
1796.1 0.201502861
1893.0000000000002 0.197438842
1892.4999999999998 0.150847711
1796.6 0.220725908
1937.2 0.229523416
1793.7999999999997 0.233356056
1721.8999999999999 0.196202317
1831.3999999999992 0.211940323
1833.6000000000004 0.203876465
1917.3000000000002 0.229823158
1848.6 0.22884607
1898.4999999999998 0.223272741
1869.1 0.196096442
1784.2000000000003 0.211963441
1844.6 0.210667452
1771.3999999999999 0.20241131
1901.1999999999998 0.246588024
1888.1 0.219183629
1829.1999999999996 0.19021251
1866.8 0.223339236
1805.5 0.221795414
1769.5999999999997 0.234475058
1849.5000000000002 0.20361616
1872.3999999999999 0.20346321
1867.1000000000001 0.221924689
1761.6000000000001 0.212807601
1908.9999999999998 0.209675282
1950.6000000000001 0.227771711
1843.8999999999996 0.173806049
1929 0.206691977
1938.8000000000002 0.228067267
1800.5999999999995 0.267624542
1753.2999999999997 0.199863449
1763.6999999999994 0.195539308
1987.8999999999999 0.160689702
1813.8999999999996 0.182311693
1763.4 0.22095032
1845.6999999999998 0.168081934
1829.1999999999998 0.208387376
1860.8999999999996 0.211953639
1762.3999999999999 0.237607311
1857.5000000000002 0.216852028
1843.9999999999998 0.192724707
1934.7 0.186070223
1810.6 0.234071444
1907.0999999999997 0.254197405
1734.5999999999997 0.219118053
1761.9999999999998 0.144961606
1803.4999999999998 0.22295127
1812.8000000000002 0.208679298
1838.1999999999998 0.25867498
1981.3 0.184447958
1706.1999999999998 0.240436722
1790.0999999999997 0.222266392
1856.9000000000003 0.229444369
1933.3999999999996 0.185581486
1836.7999999999997 0.207786949
1797.1999999999996 0.243600773
1820.9 0.194411173
1790 0.216950885
2003.2 0.20883754
1890.3000000000002 0.277756683
1957.1999999999996 0.223087503
1879.8000000000002 0.227921005
1803.1000000000001 0.221714072
1860.6999999999998 0.213676925
1716.4999999999998 0.206471785
1761.6999999999996 0.189978641
1818.4 0.245915812
1717.5 0.237882296
1887.4999999999995 0.232469061
1793.6000000000001 0.202597828
1706.1999999999996 0.179012126
1873.9 0.19535909
1849.1 0.17088985
1834.4 0.213465798
1761.3 0.192022776
1833.5999999999995 0.250427576
1778.4 0.209506118
1753.7999999999997 0.209364635
1913.6000000000004 0.215299307
1815.8999999999999 0.179592038
1915.7 0.187274486
1785.0000000000002 0.202946259
1729 0.208461409
1796.7 0.209624743
1846.0000000000005 0.219713833
1804.1999999999994 0.222531628
1774.9999999999998 0.218649541
1875 0.214152894
1755.1999999999998 0.225375519
1766 0.24680383
1717.6999999999998 0.20977776
1727.0999999999992 0.240617734
1800.1000000000001 0.224093723
1864.0999999999997 0.198756138
1899.1 0.184854642
1816.1999999999996 0.166796307
1852.1999999999996 0.228905593
1753.5 0.224670563
1809.4999999999998 0.206001883
1832.9 0.278949009
1746.1999999999998 0.204944072
1910.4 0.215917058
1712.8999999999996 0.214358965
1861.2999999999993 0.213647299
1790.7 0.247403301
1842.4 0.223955534
1714.5 0.18567488
1891.2 0.224704092
1846.5 0.188253008
1889.1999999999998 0.221749922
1807.5000000000002 0.233217546
1841.8 0.230608414
1854.1999999999998 0.207634901
1873.0000000000002 0.211856099
1884.0000000000002 0.262977708
1777.3 0.208888589
1794.7 0.220949103
1893.0999999999995 0.16553273
1807.5999999999997 0.169919721
1802.0999999999997 0.232629054
1836.5999999999995 0.182450785
1789.4999999999993 0.222227568
1769.3000000000002 0.208847063
1891.5999999999997 0.239085594
1761.3 0.205385807
1892.2000000000003 0.273939152
1840.4 0.211653009
1808.8999999999994 0.201341439
1952.2999999999997 0.220119403
1772.2 0.199483666
1820.4999999999998 0.205562803
1742.6999999999998 0.274144774
1861.3999999999999 0.250607114
1760.7999999999997 0.205215907
1905.0999999999997 0.210114522
1743.8999999999996 0.172259221
1863.9999999999998 0.211965131
1864.2999999999997 0.234399321
1765.0999999999995 0.183711896
1853.3 0.202805352
1804.5999999999995 0.192985781
1843.0999999999997 0.236970712
1814.5 0.22521097
1777.6999999999998 0.215689067
1753.3999999999996 0.210157487
1784.2 0.223270442
1870.8999999999996 0.236332283
1821.7 0.192678023
1869.9999999999998 0.262686545
1773.9 0.211068727
1764.5 0.244546834
1802.9 0.187447158
1783.7999999999997 0.236405412
1832.1000000000001 0.19601156
1769.9999999999993 0.267528241
1781.9 0.214334082
1799.8999999999996 0.256200215
1833.2 0.204162507
1784.8999999999996 0.230887926
1771.7999999999997 0.24302683
1859.3999999999999 0.217682442
1796.1999999999998 0.20541402
1983.8 0.132352661
1753.3999999999996 0.198264626
1817.5000000000002 0.202553764
1736.5999999999995 0.183874719
1777.7 0.202942863
1974.4999999999998 0.212599847
1848.6000000000001 0.209058781
1938.9999999999998 0.208425002
1787.5 0.188592099
1800.3999999999996 0.237034939
1797.3999999999999 0.241118307
1879.5000000000002 0.209516127
1716.4999999999998 0.25923171
1772.9999999999995 0.17947363
1811.0000000000002 0.19576593
1795.3999999999999 0.262237165
1886.2 0.192335526
1796.4999999999995 0.208322531
1902.1999999999998 0.303587629
1925.9999999999998 0.261350956
1837.1000000000001 0.190988744
1752.7999999999997 0.255531859
1828.4 0.195626308
1752.8 0.225289469
1790.1000000000001 0.192362966
1800.3999999999999 0.22867691
1763.6 0.223884451
1914.2999999999993 0.220062776
1878.0000000000002 0.242057941
1781.0999999999995 0.249734013
1863.6 0.194881595
1738.7 0.211978075
1755.7 0.220967818
1731.8 0.212931671
1803.1999999999998 0.221806004
1893.1 0.212549865
1800.9 0.212057884
1728.2 0.242614038
1825.8999999999996 0.196808733
1767.6999999999996 0.208475129
1755.7 0.253584435
1850.2999999999997 0.25552699
1921.6 0.215032824
1846.1 0.227422677
1872.8 0.22767564
1821.7999999999995 0.244129283
1791.3999999999994 0.196280297
1885.6 0.202537955
1922.9000000000003 0.254079809
1841.7999999999997 0.181098931
1778.5999999999997 0.235187438
1713.8999999999996 0.206388832
1898.4999999999995 0.217801845
1919.7999999999997 0.21515025
1930.1 0.251199322
1861.9000000000003 0.225318455
1750.2999999999997 0.230690606
1823.6999999999998 0.21662486
1765.5 0.20599502
1840.9 0.208797678
1784.9999999999998 0.220914576
1796.0000000000005 0.216612879
1747.8999999999999 0.180711731
1802.7999999999997 0.208373542
1876.7999999999997 0.238015573
1776.5999999999995 0.19715611
1861.6 0.215469418
1835.4999999999998 0.226260002
1818.3999999999996 0.259546418
1846.2 0.235815211
1851.4999999999998 0.233561979
1813.6 0.18567175
1864.2999999999997 0.219313278
1857.0999999999995 0.187101721
1841.1999999999998 0.207058821
1730.8999999999994 0.219305205
1738.8999999999999 0.227184186
1885.8999999999996 0.233085262
1788.1999999999994 0.203702836
1801.5999999999997 0.194048484
1710.5 0.178617565
1875.3999999999999 0.204411008
1823.4 0.215121478
1879.2999999999995 0.245041497
1828 0.207317378
1799.9999999999998 0.159744762
1768.6000000000001 0.197083802
1862.6999999999998 0.187413468
1798.9000000000003 0.2296262
1830.6999999999996 0.232712108
1859.0000000000002 0.208338389
1865.3999999999996 0.186259026
1825 0.199304262
1968.7999999999995 0.195973247
1716.4999999999995 0.188291758
1893.5 0.211748441
1725.4999999999995 0.208504898
1784.5 0.255667454
1949.6 0.217120777
1940.3 0.178193693
1808.8000000000002 0.213018337
1828.7999999999997 0.237171015
1848.7999999999993 0.23616008
1702.6 0.180789813
1756.5000000000002 0.178063398
2014.1999999999998 0.229143565
1851.6999999999996 0.233655452
1764.5999999999992 0.192045161
1849.5999999999997 0.237902483
1710.4999999999998 0.235301107
1808.5999999999995 0.260911733
1751.6 0.177189138
1822.1 0.206573643
1906.9999999999995 0.173232607
1888.9 0.207293618
1993.3 0.204299604
1782.4 0.247806331
1767.8999999999999 0.23498979
1780.3999999999999 0.222273095
1760.3000000000002 0.211052526
1913 0.212623943
1872.5 0.201364763
1820.3 0.252141103
1821.1999999999998 0.202683374
1846.1 0.220959518
1888.8 0.224167213
1789.6 0.210812108
1863.2999999999995 0.323213246
1737.3999999999996 0.210874356
1790.3 0.231520028
1889.2999999999997 0.222472107
1714.0999999999997 0.230460247
1905.3999999999996 0.238024791
1888.2000000000003 0.223346592
1813.5999999999997 0.247517769
1719.9 0.187619506
1808.3999999999999 0.219509446
1850.8 0.21522092
1837.1000000000001 0.225922577
1740.1 0.206572164
1835.3999999999994 0.224388597
1871.3999999999999 0.189988614
1856.5999999999995 0.220789481
1745.2 0.210182515
1768.3000000000002 0.20548972
1929.0999999999997 0.23249219
1881.8999999999999 0.205718848
1919.1000000000001 0.202940422
1982.8000000000002 0.20577366
1758.6 0.19367697
1900.9999999999998 0.197526984
1868.6 0.220895481
1862.8999999999999 0.214244677
1780.9999999999998 0.180136848
1782.7 0.193304114
1758.7000000000003 0.216150586
1854.9999999999998 0.2673616
1798.9 0.210486001
1755.6000000000001 0.183731693
1815.4000000000003 0.242934843
1944.6999999999998 0.231853091
1743.8000000000002 0.208686236
1804.6999999999996 0.25998588
1959 0.245038541
1788.9999999999998 0.177543648
1731.1999999999998 0.218483419
1752.9999999999998 0.244873021
1908.4999999999998 0.203780647
1814 0.193953492
1761.4999999999998 0.211104114
1961.3000000000002 0.229092243
1902.3999999999999 0.210362664
1854.3000000000002 0.20768132
1832.5 0.179097096
1875.5999999999997 0.213384521
1854.0999999999992 0.227860393
1706.9 0.247869703
1828.8999999999999 0.224269461
1746.0000000000005 0.189222135
1860.1000000000001 0.237275871
1862.8999999999994 0.18777913
1853.8999999999999 0.251710319
1814.1 0.205034504
1806.4 0.189602046
1734.0999999999997 0.228066389
1817.2999999999997 0.249531561
1850.0000000000002 0.177221067
1839.8999999999996 0.223434975
1774.6999999999998 0.248829763
1759.2999999999993 0.18898532
1885.6000000000001 0.220383829
1794.3000000000002 0.242619296
1774.8999999999999 0.253153659
1734.3999999999999 0.225041188
1960.5999999999997 0.223914251
1799.4000000000003 0.192062227
1905.0000000000005 0.19483175
1826.8 0.207367646
1801.6 0.222567392
1924.7 0.165535221
1914.6999999999998 0.229611859
1902.9 0.207077597
1912.3999999999996 0.214053365
1795.6 0.221068915
1826.8 0.201504459
1821.5999999999997 0.212305479
1841.1000000000001 0.219282855
1785.499999999999 0.178515443
1780.499999999999 0.209656766
1744.3000000000002 0.195123856
1786.9999999999995 0.219128226
1839.6999999999998 0.187589885
1814.8999999999996 0.242992231
1939.3999999999999 0.256047329
1761.8 0.21104262
1836.2999999999997 0.265970021
1926.4999999999998 0.227539814
1741.2999999999997 0.229673646
1784.2999999999995 0.176727001
1881.6999999999996 0.209196089
1867.6999999999998 0.243397639
1851.3999999999994 0.22467024
1879.6 0.239686191
1831.1000000000001 0.238752957
1791.7999999999997 0.227694456
1886.7 0.207961503
1804.1000000000001 0.199527724
1810.3999999999994 0.232578751
1899.6000000000001 0.218122087
1803.4999999999998 0.217384173
1800.2999999999997 0.231515166
1893.8999999999999 0.24315745
1775.1000000000001 0.197555425
1880.1999999999996 0.196461214
1841.7999999999997 0.244907612
1831.4 0.236332618
1774.7999999999995 0.244561194
1847.8 0.189400494
1836.3999999999999 0.19173983
1864.7999999999997 0.221755846
1819.8999999999996 0.21279627
1880.6 0.20558073
1861.4999999999998 0.199065676
1854.9 0.220250332
1876.6 0.244346859
1857.6999999999996 0.244818853
1884.3999999999994 0.219813429
1817.7999999999997 0.20923966
1773.9 0.204052349
1782.6999999999996 0.228971383
1751.6 0.202569531
1792.4 0.268948584
1875.4999999999998 0.310211491
1821.7 0.211294882
1798.4 0.21915666
1819.0999999999997 0.267918999
1885.1000000000004 0.202341625
1717.5 0.24072108
1752.8 0.23174413
1791 0.25776659
1716.5000000000002 0.195314438
1764.6 0.219458398
1917.1999999999998 0.230320076
1838.8999999999999 0.194650152
1895.7 0.230280795
1850.7 0.20300707
1919.2 0.196232886
1802.2 0.185735438
1787.7999999999995 0.206668482
1799.8999999999999 0.232060637
1776.8999999999999 0.242482135
1767.8999999999999 0.177250505
1991.8 0.229907758
1859.5 0.201636486
1715.1999999999998 0.243740965
1860.8999999999999 0.200442703
1716.4999999999995 0.200401017
1826.0000000000002 0.199820803
1879.3999999999999 0.236457152
1818.4 0.259863049
1830.9999999999998 0.221834168
1800.3999999999994 0.234210677
1893 0.201021147
1832.8999999999996 0.206347983
1814.1 0.202329949
1806.8999999999999 0.215656307
1721.8999999999999 0.192918776
1749.6999999999998 0.246061561
1850.4999999999995 0.176006754
1844.4 0.200013682
1781.3000000000002 0.262152577
1884.3999999999999 0.230078411
1782 0.193565799
1776.2999999999997 0.225959771
1786.8000000000004 0.21664798
1908.8999999999999 0.180369916
1852.2999999999997 0.211161695
1775.3 0.256743664
1941.5999999999995 0.194357553
1842.1999999999994 0.183582753
1893.3999999999994 0.225315785
1915.1999999999998 0.19548
1714.1000000000004 0.226328935
1723.7 0.177758448
1788.8999999999999 0.210296828
1891.1 0.207805385
1975.7999999999997 0.18613966
1829.2 0.22074458
1811.0999999999995 0.239656664
1810.4999999999995 0.216845856
1786.8999999999996 0.238893395
1914.8000000000002 0.212402574
1761.9999999999998 0.220489558
1898.8999999999999 0.224454841
1796.5 0.210140848
1963.4000000000003 0.194705899
1922.9999999999995 0.209865955
1808.0000000000002 0.229248425
1823.1999999999998 0.243927867
1828.8999999999994 0.201400694
1841.8 0.19101857
1871.6 0.217804549
1872.6999999999998 0.204857912
1730.7999999999997 0.186768587
1856.0999999999995 0.201547405
1825.9 0.204756317
1895.4999999999998 0.219347588
1806.6999999999996 0.20848498
1856.9000000000005 0.21735097
1855.3000000000002 0.186021337
1779 0.215850761
1825.2999999999995 0.214754913
1902.2999999999995 0.293188361
1872.2000000000003 0.262048542
1897.0000000000002 0.177110744
1840.1000000000001 0.233910967
1840.5 0.214946476
1785.1999999999998 0.278595397
1837.9999999999995 0.288878179
1875.4999999999998 0.214898402
1764.1000000000001 0.219704389
1865.6999999999996 0.234836373
1877.6999999999994 0.193455522
1777.1999999999994 0.191200938
1752.7999999999997 0.207401341
1871.8999999999996 0.228474097
1923.1 0.223884693
1807 0.226563357
1955.3999999999996 0.218021198
1881.1 0.181207646
1855.6999999999996 0.231166521
1845.6999999999996 0.209502275
1821.5 0.222579958
1900.3999999999999 0.248324836
1957.1000000000004 0.167876415
1838.4999999999998 0.217190561
1824.2 0.219727103
1756.5000000000005 0.251321008
1773.9 0.241076912
1791.1999999999998 0.191442051
1731.8 0.213258011
1865.4999999999998 0.173569632
1710.5 0.233086776
1823.2 0.221756765
1726.9999999999995 0.197351269
1847.2999999999997 0.215261694
1779.9999999999995 0.197095939
1776.1999999999996 0.216243224
1782.6000000000001 0.221464856
1878.5999999999997 0.174201465
1842.8 0.177755942
1931.6 0.24434115
1840.9 0.234749784
1717.9999999999998 0.221670324
1777.3999999999999 0.218758044
1802.2999999999997 0.214132949
1746.3 0.190576254
1749.9999999999993 0.203166442
1786.2999999999997 0.229876296
1898.9999999999998 0.177181073
1777.4999999999998 0.213807519
1796.1 0.22477377
1741.2999999999997 0.185797123
1925.2 0.199309452
1839.2999999999995 0.220354414
1907.5999999999997 0.194168342
1794.4999999999998 0.265876858
1861.1999999999998 0.22157195
1784.0999999999997 0.176448881
1981.1999999999996 0.23183514
1738.4 0.218751692
1787.6 0.303110077
1772.4 0.249395591
1786.4999999999998 0.230367659
1751.8999999999999 0.196863896
1996.5 0.222767357
1794.4 0.239224762
1796.2000000000003 0.214381052
1760.1999999999996 0.194760575
1876.1 0.24886738
1883.8999999999999 0.223601541
1814.5 0.25009831
1978.2999999999995 0.234491418
1786.1999999999994 0.162676597
1881.2 0.165244327
1846.4 0.245425692
1992.3000000000004 0.230631153
1842 0.170632448
1869.3 0.159378161
1912.7 0.223031177
1851.1999999999994 0.226742558
1809.6000000000001 0.195855868
2010.6999999999998 0.249671194
1718.1999999999998 0.20044324
1804.8999999999996 0.189863874
1837.9000000000003 0.221413828
1884.4 0.201384573
1809.2999999999997 0.204532663
1817.9999999999998 0.249803036
1716.2999999999995 0.177983903
1851.1999999999996 0.210360119
1837.3000000000002 0.202917048
1831.8999999999996 0.227222098
1806.8000000000002 0.170198954
1752.7 0.193433697
1829.6999999999998 0.222121033
1841.2999999999995 0.226787872
1792.6999999999998 0.192039606
1787.7000000000003 0.221211289
1764.4 0.183548748
1805.1999999999996 0.18625536
1802 0.189148095
1820.7999999999997 0.183858355
1781.9999999999998 0.165376791
1917.7999999999997 0.198110113
1938.5999999999997 0.177916434
1810.2000000000003 0.227823732
1817.8 0.240745337
1871.0000000000002 0.258518525
1862.1 0.26469982
1843.3999999999999 0.196635685
1775.6000000000004 0.234185589
1816.9 0.212007173
1868.2 0.245810818
1811.0999999999997 0.191732027
1933.7999999999997 0.247582282
1916.1000000000001 0.207846635
1877 0.196789831
1754.7999999999997 0.183400582
1890.6999999999996 0.192142057
1830.5 0.222496348
1859.3 0.215398382
1792.1999999999998 0.1976724
2033.9999999999998 0.219834686
1914.2999999999995 0.218274168
1777.5999999999997 0.232358399
1811.4999999999998 0.183935844
1789.9 0.221239038
1838.5 0.193864936
1869.9 0.202642974
1821.7999999999997 0.159926581
1846.1999999999996 0.214402733
1839 0.165213259
1810.9999999999998 0.227648556
1781 0.234918374
1811.6 0.209584657
1843.6999999999996 0.183371613
1827.9999999999998 0.208616462
1879.3000000000004 0.216217707
1827.9999999999993 0.213015492
1821.3999999999996 0.319464593
1853.4 0.213430885
1932.9 0.187194184
1851.5999999999997 0.234621419
1759.8999999999999 0.213019247
1811.8 0.184730858
1978.1 0.244965644
1759.7999999999997 0.268417283
1903.0999999999995 0.224646257
1812.1999999999996 0.233768973
1717.7 0.216320769
1787.6 0.274846026
1777.7999999999997 0.230015997
1954.5 0.230985135
1823 0.216954393
1896.2 0.21898868
1796.2000000000003 0.217633835
1811.2999999999997 0.211839916
1864.8999999999994 0.203227673
1827.8 0.24162005
1778.2 0.205526371
1826.5 0.190143694
1998.6 0.227751695
1861.9999999999998 0.240106548
1823 0.196470406
1807.9999999999995 0.192462709
1805.7999999999997 0.209308746
1955.0999999999997 0.193062563
1838.3999999999999 0.230715364
1847.2999999999997 0.235859963
1813.6999999999998 0.185133612
1938.8 0.257544029
1799.4999999999998 0.18111464
1779.8999999999996 0.217257631
1885.1999999999994 0.245763264
1782.4999999999998 0.215259946
1848.0999999999997 0.23212627
1871.8999999999999 0.212625757
1819.6000000000001 0.183976777
1924.3 0.206964008
1785.1999999999996 0.232591869
1889.6999999999996 0.225351417
1851.5 0.233654068
1895.1000000000001 0.236941394
1847.5000000000002 0.235761248
1926.7999999999997 0.207158138
1879.6000000000001 0.205799564
1786.8999999999996 0.21144962
1770.7 0.210057781
1906.4999999999993 0.213379984
1866.6 0.239691695
1788.5000000000002 0.231134589
1894.1 0.20154933
1760.5000000000002 0.200817291
1716.5 0.210072253
1766.1999999999996 0.230334047
1875.2999999999995 0.193170202
1748.1999999999998 0.244042111
1712.8999999999999 0.217811999
1948.0000000000002 0.181742043
1793.4 0.203813293
1924.7 0.216840051
1810.8000000000002 0.190939016
1855.7000000000005 0.222671414
1776.6 0.20360564
1736.5999999999997 0.21977585
1840.5999999999997 0.170575977
1744.1999999999998 0.251683785
1820.3999999999996 0.234230437
1858.9999999999998 0.197774714
1836.2 0.189276843
1811.3999999999994 0.236645679
1903.6999999999998 0.189165559
1824.2000000000003 0.200040126
1772.2999999999995 0.213216892
1774.8 0.220253262
1767.3000000000002 0.20805209
1702.5999999999995 0.19158387
1795.9999999999998 0.199390047
1808.3999999999994 0.214220784
1848.8000000000004 0.190132502
1857.4 0.196142036
1738.3999999999999 0.249429791
1812.8999999999999 0.207628642
1948.9999999999998 0.240118137
1957.7000000000003 0.230763981
1823.8 0.248412684
1782.4999999999998 0.28244522
1748.5 0.315579579
1840.8 0.268097229
1859.3000000000002 0.249173306
1943.1999999999996 0.234694071
1785.6000000000001 0.248292867
1770.3999999999999 0.169951053
1846.3999999999996 0.305396139
1833.4000000000003 0.181963839
1791.2000000000005 0.202609715
1840.1 0.207666426
1904.1 0.196611281
1749.9999999999993 0.209619749
1816.3 0.186698415
1784.1000000000001 0.210367515
1778.5999999999997 0.273993106
1749.3 0.174923316
1788.7000000000005 0.247706618
1831.3000000000002 0.254073657
1976.9 0.264214692
1865.3 0.215240579
1835.4000000000003 0.215181464
1818.1999999999998 0.182656762
1756.1999999999998 0.20329928
1858.2 0.188157805
1766.7 0.25713531
1880.8000000000002 0.15753565
1719.1999999999994 0.175313112
1730.8000000000002 0.21921017
1832 0.267257776
1755 0.198331072
1770.5 0.204699052
1888.8 0.212841592
1750.6 0.218074192
1811.1 0.225882227
1876.0999999999997 0.255954872
1893.3999999999999 0.186973649
1825.1000000000001 0.229725792
1869.9 0.224404932
1866.6000000000001 0.255044654
1994.1999999999996 0.200097677
1825.3 0.222784352
1860.5999999999997 0.21505388
1831.3000000000002 0.248080063
1881.3999999999999 0.212907304
1815.5000000000002 0.160897959
1727.8000000000002 0.230292555
1755.3999999999996 0.180891281
1820.9999999999995 0.173261217
1737.7999999999995 0.218208806
1834.5 0.210297375
1851.3 0.214179524
1852.3999999999999 0.201081794
1878.5999999999997 0.224662257
1773.8999999999999 0.25509218
1800.2999999999997 0.210000796
1859.3999999999996 0.227526297
1816.4 0.206043107
1791.2999999999997 0.228165653
1879.8999999999994 0.242679008
1838.1999999999998 0.215902191
1718 0.220083882
1885.8000000000004 0.223486532
1915.4 0.233261793
1924.4999999999993 0.20749138
1936.3000000000002 0.208844479
1943.3 0.233851665
1756.7999999999995 0.197301173
1796.2999999999993 0.196032868
1791.3 0.236365035
1808.7 0.227924093
1767.6999999999996 0.208231758
1793.3000000000004 0.223101242
1793.9999999999995 0.218098485
1776.4 0.228857823
1766.7999999999997 0.217136084
1761.1 0.18903998
1884.2999999999997 0.199980424
1820.6999999999998 0.201470701
1882.3999999999996 0.210585691
1836.3999999999999 0.219152712
1789.7999999999997 0.210804966
1774.8999999999999 0.179098207
1854.7999999999997 0.212851057
1854.6000000000001 0.238295803
1792.3999999999994 0.232774439
1813.7999999999997 0.215391881
1864.8 0.228368988
1844.7999999999993 0.189009468
1855.7999999999995 0.171075834
1808.3 0.221218002
1728.6 0.246142479
1756.7 0.193277202
1887.3 0.209470933
1965.4999999999998 0.21726769
1821.7 0.23266219
1804.7 0.201548519
2009.3999999999992 0.156695505
1784.1 0.216399856
1865.2 0.232381991
1764.8 0.229912936
1912.4000000000003 0.216877491
1801.1999999999998 0.200075869
1809.5 0.193268024
1792.3999999999999 0.238396218
1842.6 0.265294693
1823.5999999999997 0.209646237
1874.2 0.210922109
1742.6 0.247064441
1902.9999999999993 0.241090804
1841.7999999999997 0.202819999
1873.2999999999995 0.203816825
