2215.5000000000005 0.600974936
2201.5 0.537154334
2188.4999999999995 0.503845369
2186.2 0.612111657
2353.7999999999997 0.52471754
2226.2000000000003 0.569704522
2310.7 0.655685283
2431.7000000000007 0.417252343
2411.0999999999995 0.522504999
2354.399999999999 0.664661706
2061.0999999999995 0.468653017
2337.8999999999996 0.411222512
2358.2000000000003 0.574580079
2125.2 0.466709972
2226.8999999999996 0.501104984
2396.1 0.432695859
2366.7999999999997 0.373940271
2101.7999999999993 0.332680094
2407.4 0.344073531
2363.2999999999997 0.369992606
2011.1000000000001 0.331474884
2344.6999999999994 0.341786989
2320.7999999999997 0.422672563
2219.2 0.400581967
2373.6999999999994 0.384996654
2216.6 0.294467144
2395.6000000000004 0.24986497
2250.7999999999997 0.377126556
2178.2999999999997 0.306930546
2306.9999999999995 0.400789688
2237.6000000000004 0.376695498
2163.4000000000005 0.419587123
2422.6 0.716852152
2324.7000000000007 0.526987251
2345.6000000000004 0.39039823
2242.8999999999996 0.311293529
2256.5999999999995 0.454212274
2286.1999999999994 0.484527258
2127.2 0.410388277
2204.4999999999995 0.464197049
2161.9999999999995 0.330713916
2158.0999999999995 0.412464927
2259.1 0.489797692
2082 0.430335863
2392.5 0.429676348
2024.3999999999999 0.326980309
2309.3999999999996 0.436071046
2107.3999999999996 0.355127669
2333.0000000000005 0.542715134
2325.0999999999995 0.426147612
2222.2 0.415562557
2288.4999999999995 0.333686638
2295.7 0.392407405
2220 0.411621728
2230.8999999999996 0.277625219
2289.7999999999993 0.340825026
2279.9999999999995 0.389317108
2277.7 0.358778077
2325.7999999999997 0.397784163
2278.9 0.421717806
2291.4999999999995 0.434118958
2269.2999999999997 0.424358917
2192.4999999999995 0.367124093
2176.899999999999 0.350506819
2363.7 0.381650306
2128.1 0.396738714
2058.7999999999993 0.326819802
2270.6999999999994 0.387177303
2182.5000000000005 0.372983006
2338.9999999999995 0.396270499
2368.0999999999995 0.39099812
2249.999999999999 0.38034757
2271.1000000000004 0.359382481
2209.7999999999997 0.388110627
2132.2 0.457246283
2458.5999999999995 0.384515539
2386.2999999999993 0.480314768
2228.4999999999995 0.368506934
2390.1 0.397891641
2292.0999999999995 0.404854061
2348.1000000000004 0.381214341
2367.7 0.341757015
2221.999999999999 0.420156851
2119.3999999999996 0.365268015
2313.1999999999994 0.428821587
2254.5999999999985 0.391064509
2280.5000000000005 0.437988865
2148.2999999999997 0.370273437
2443.1 0.310339915
2416.7 0.453390516
2276.3999999999996 0.414799111
2347.7 0.31589936
2121.5000000000005 0.478401152
2352.0000000000005 0.415690434
2217.7 0.31673949
2272.5000000000005 0.349014952
2323.1 0.3833499
2351.8999999999996 0.405550669
2229.9999999999995 0.389509864
2395.9999999999995 0.296353077
2093.8999999999996 0.390835333
2328.7999999999993 0.279616406
2259.5 0.365929112
2361.2 0.375482415
2179.8 0.336967437
2354.7999999999993 0.328778776
2198 0.397761526
2383.7999999999993 0.376809908
2280.7999999999997 0.33926437
2170.7999999999997 0.457662985
2144.7000000000003 0.252780617
2318.7999999999993 0.350008543
2199.999999999999 0.426054374
2337.4 0.476762043
2334.8999999999996 0.429363773
2173 0.329908567
2412.600000000001 0.358745133
2260.8999999999996 0.340978274
2196.0999999999995 0.442209744
2324.4 0.389640537
2292.7999999999997 0.471369156
2219.999999999999 0.466025421
2424.9999999999995 0.389932822
2156.3 0.406986458
2190.499999999999 0.287965233
2188.6999999999994 0.512622171
2309.9 0.453205242
2303.4 0.400288442
2312.2999999999997 0.455224082
2284.4999999999995 0.560172829
2546.400000000001 0.465757534
2204.7 0.63792397
2190.2 0.474872923
2324.2999999999997 0.586016928
2386.8 0.574977975
2167.5999999999995 0.493088928
2515.7999999999997 0.505124756
2288.2000000000003 0.512619667
2212.8 0.336828235
2065.0999999999995 0.468567414
2337.6 0.520802839
2292.5 0.536545747
2265.499999999999 0.399505407
2296.699999999999 0.372203808
2212.7999999999993 0.352667543
2116.1 0.33342041
2390.7999999999997 0.233343458
2282.7999999999997 0.377112296
2268.4999999999995 0.293442633
2235.8999999999996 0.275709978
2390.1 0.307235191
2215.1 0.355010305
2258.7 0.43191522
2360.5 0.346813151
2313.2000000000007 0.354715525
2344.3999999999996 0.356980719
2182.1 0.368024756
2179.8999999999996 0.280524716
2395.8 0.399973715
2304.8999999999996 0.466408417
2131.6999999999994 0.379566581
2398.3999999999996 0.462307163
2367.599999999999 0.475881276
2422.7 0.496259263
2267.2000000000003 0.433367174
2190.4000000000005 0.421753249
2296.8999999999996 0.560426857
2285.2000000000003 0.374441254
2313.6000000000004 0.352414048
2156.2 0.446880073
2019.5999999999997 0.447904418
2184.7999999999997 0.591259318
2154.2999999999993 0.396063897
2316.2 0.364082691
2247.3999999999996 0.506828305
2310.7000000000003 0.516927901
2230.3 0.426955977
2299.4999999999995 0.499275333
2201.8999999999996 0.417508365
2261.4999999999995 0.453643168
2268.4999999999995 0.456299542
2358 0.353654647
2328.1999999999994 0.346222151
2185.9999999999995 0.30338856
2308.6 0.339525762
2218.6000000000004 0.322490324
2330.8999999999996 0.344631158
2266.4999999999995 0.464971066
2335 0.337343201
2302.7999999999993 0.414149175
2351.5 0.387487972
2023.6999999999996 0.383156202
2279.1999999999994 0.347036272
2128.0999999999995 0.345327269
2243.099999999999 0.306087182
2155.1 0.354457795
2265.3999999999996 0.409792884
2069.2 0.381157116
2236.7000000000003 0.3800222
2408.4 0.329070088
2225.6999999999994 0.417192531
2215.899999999999 0.326117932
2203.7000000000003 0.37734412
2303.2999999999993 0.273693462
2132.6000000000004 0.324716656
2505.9999999999995 0.411052547
2289.7 0.56471991
2175.2000000000003 0.409034695
2233.8 0.326691235
2007.3000000000002 0.42225355
2220.9999999999995 0.403862707
2043.5 0.313196236
2309.2 0.420879396
2491.8999999999996 0.396593035
2426.8 0.291138295
2345.5000000000005 0.417119764
2272.9 0.364572441
2304.9999999999995 0.423528213
2175.8999999999996 0.375287047
2289.6999999999994 0.351401783
2384.7999999999997 0.366364779
2289.4999999999995 0.445499249
2394.3999999999996 0.450435376
2487.0999999999995 0.480978584
2251.1999999999994 0.306148215
2513.6 0.333120865
2243.9 0.387772346
2367.2999999999997 0.398610486
2164.2 0.329657175
2305.499999999999 0.381733736
2313.7 0.374889926
2366.0000000000005 0.406641206
2218.5999999999995 0.283023735
2132.6 0.336740118
2372.4 0.403519223
2177.6 0.320568776
2423.7 0.374053826
2199.9000000000005 0.464011346
2437.3 0.330920346
2330.0999999999995 0.427843031
2281.2000000000003 0.338452704
2296.7999999999997 0.46363942
2245.599999999999 0.403003972
2151.4999999999995 0.376220506
2323.2 0.43085795
2184.6000000000004 0.380658243
2224.7 0.390694933
2302.999999999999 0.401674427
2469 0.437309393
2137.7000000000003 0.392239784
2388.7000000000003 0.380018873
2300.1 0.433561866
2312 0.47437013
2300.1 0.357096677
2247.9999999999995 0.369456903
2018.9999999999995 0.397149717
2082.6 0.495750842
2334.7 0.548463873
2236.1999999999994 0.565218385
2459.7999999999997 0.53957468
2248.9 0.516528559
2141.4 0.593198719
2223.3 0.60090223
2240.2000000000003 0.618056693
2441.7 0.558750466
2290.7999999999997 0.432553603
2268.5 0.398271637
2273.1999999999994 0.319270882
2238.2000000000003 0.598653091
2174.2999999999997 0.583862647
2154.9999999999995 0.520666155
2265.9 0.397901573
2157.1000000000004 0.352867184
2217.8 0.331841697
2313.1 0.359851881
2287.0999999999995 0.317886854
2424.1999999999994 0.271787108
2199.8 0.304172022
2194.2 0.334462873
2307.4999999999995 0.383787188
2271.4 0.396528058
2155.5 0.413393494
2457.7999999999993 0.271473924
2223.6 0.417970025
2119.7 0.472259795
2377.4999999999995 0.319699871
2388.7 0.361612176
2290.8 0.418264181
2204.7999999999997 0.365609525
2224.7 0.583693293
2191.7999999999997 0.428753924
2159.3999999999996 0.483550151
2211.6 0.405046576
2103.6000000000004 0.396122959
2368.1999999999994 0.445283237
2255.2999999999993 0.305535525
2238.6 0.448249032
2192.4999999999995 0.308864296
2402.8 0.370106288
2282.5 0.556349191
2292.5 0.357252084
2269.0000000000005 0.323937759
2344.7000000000003 0.447168569
2265.3 0.552586619
2299.2 0.300467845
2325.5999999999995 0.435772512
2256.2999999999997 0.378235299
2253.7999999999997 0.46249654
2339.2000000000003 0.331324964
2325.8999999999996 0.376499279
2306.399999999999 0.392675243
2424.7999999999997 0.48984163
2249.4 0.397542287
2306.1 0.374254782
2292.2999999999997 0.282999463
2187.1 0.345809604
2173 0.366110839
2131.6 0.345097682
2346 0.314752154
2263.2999999999997 0.325983697
2040.3999999999996 0.396311439
2236.3 0.375913028
2389.1 0.439684005
2209.5 0.379983006
2083.6 0.353660246
2151.199999999999 0.383821916
2134.1 0.479531433
2314 0.284727116
2338.2 0.327858682
2335.7 0.390902854
2403.1999999999994 0.418484431
2138.4 0.329216117
2336.1 0.391217362
2258.2 0.307969032
2219.5999999999995 0.371760973
2236.1 0.437714553
2347.7999999999997 0.43096267
2391.4999999999995 0.363395475
2302.2999999999997 0.320103242
2347.1 0.575016731
2088.7999999999997 0.422088686
2430.2999999999997 0.348760482
2312.9999999999995 0.384873271
2299.2999999999997 0.425171053
2202.8999999999996 0.37866309
2302.2999999999997 0.320711383
2150.2999999999997 0.388459286
2291.5999999999995 0.356135546
2314.6 0.443573885
2310.4000000000005 0.341214027
2335.9 0.422876308
2289.399999999999 0.419663785
2209.7 0.412697459
2257.7000000000003 0.362657227
2094.1999999999994 0.321098817
2467.1 0.354627596
2370.2 0.42315775
2294.2 0.361943793
2190.7999999999997 0.389046586
2311.7 0.404331082
2164.3 0.503612867
2209.4 0.41951083
2315.6000000000004 0.275010969
2296.0999999999995 0.377276642
2227.2 0.399894027
2328.9000000000005 0.414883903
2317.4999999999995 0.387502767
2283.0999999999995 0.342360352
2280.2 0.381560577
2284.0000000000005 0.359358807
2121.9999999999995 0.422220561
2242.9999999999995 0.354780182
2281.7999999999993 0.401008224
2336.9999999999995 0.293204017
2193.899999999999 0.374697416
2276.4 0.349170627
2127.8 0.287822621
2375.3999999999996 0.472815102
2226.8999999999996 0.383140701
2284 0.384103976
2208.3999999999996 0.412082444
2348.0999999999995 0.487928268
2260.2 0.346389286
2220.5000000000005 0.344956794
2170.9 0.465228319
2323.4 0.625841908
2288.2999999999993 0.605647629
2463.3999999999996 0.575629375
2283.7999999999997 0.625475047
2303.3999999999996 0.556595824
2343.7999999999993 0.463797538
2291.5999999999995 0.371116382
2280.7 0.464838977
2254.7999999999997 0.61875653
2209.5999999999995 0.461662293
2301.5999999999995 0.565477924
2192.1000000000004 0.652951695
2390.2999999999997 0.45753364
2170.5 0.593701775
2169.3999999999996 0.43467932
2316.1 0.387802313
2245.4 0.383635396
2468.1 0.355629474
2327.9999999999995 0.382039583
2264.5000000000005 0.266568574
2406.8 0.365756377
2319.3999999999996 0.424285683
2165.9 0.329778977
2319.3 0.318317884
2264 0.419760834
2427.0000000000005 0.458066614
2181.699999999999 0.439302086
2415.2000000000003 0.492509389
2144.7999999999997 0.251557404
2224.8999999999996 0.388884472
2343.4999999999995 0.436038223
2171.8 0.37206664
2335.7999999999997 0.551434844
2273.7999999999997 0.463789052
2165.6999999999994 0.344721602
2271.8999999999996 0.442218031
2257.7000000000003 0.548523841
2154.5 0.467085838
2327 0.470986469
2308.9999999999995 0.537801297
2303.3 0.393676872
2356.7999999999997 0.50545296
2378.1999999999994 0.539244816
2217.8 0.375505519
2262.099999999999 0.446341779
2088.1 0.397258054
2441.4 0.346380228
2182.5999999999995 0.37023839
2369 0.47398416
2321.999999999999 0.495202761
2314.099999999999 0.37504513
2225.3999999999996 0.382482138
2181.2999999999993 0.347665323
2116.1 0.453481717
2396.6999999999994 0.349347608
2230.9 0.428843504
2273.5000000000005 0.496597596
2413.1 0.38026646
2352.7000000000003 0.363348888
2159 0.344605979
2172.2 0.372932575
2334.7999999999997 0.410780764
2073.2 0.335643016
2211.3999999999996 0.369209786
2431.0999999999995 0.314490422
2434.4 0.393266674
2346.899999999999 0.442963091
2290.1999999999994 0.397098746
2351.5 0.463825249
2234.2999999999993 0.319458728
2276.7999999999997 0.358854998
2233.7 0.367867977
2346.8000000000006 0.356400475
2398.3999999999996 0.467505839
2214.8999999999996 0.378241954
2290.5 0.397592783
2190.399999999999 0.348318662
2165.7 0.332617523
2104.0000000000005 0.464541703
2296.4 0.490045658
2278.2 0.471975851
2210.8999999999996 0.345841774
2262.4999999999995 0.416775827
2290.2000000000003 0.39026268
2218.0999999999995 0.346346367
2279.1999999999994 0.284706596
2345.5 0.388076309
2142.4 0.270134738
2360.1 0.341560167
2216.8 0.342425921
2264.8 0.433197241
2355.2999999999993 0.39321814
2323.9 0.368942287
2154.2000000000003 0.38039729
2164.7999999999993 0.412174588
2282.399999999999 0.3852007
2296.1999999999994 0.376643526
2413.899999999999 0.476249149
2348.999999999999 0.373087649
2269.4 0.416867404
2241.7999999999997 0.359054067
2182.3999999999996 0.330151359
2342.4 0.325663565
2319.2999999999993 0.414390367
2167.3999999999996 0.420707153
2151.3 0.372979058
2355.799999999999 0.385522136
2250.5999999999995 0.375563762
2264.2999999999997 0.382011117
2145.7999999999993 0.306029389
2206.7999999999997 0.354308912
2284.7999999999993 0.4956457
2232.2999999999997 0.395370368
2072.8999999999996 0.359081179
2082.3999999999996 0.393375409
2182 0.533830509
2297.1 0.485540875
2318 0.385581516
2381.7000000000003 0.382851166
2253.5999999999995 0.420143183
2345.2999999999993 0.614221586
2385.8999999999996 0.317987243
2315.8999999999996 0.366782902
2187.2999999999997 0.482045391
2333.4999999999995 0.409360392
2356.5 0.57237152
2231.2999999999997 0.523303246
2289.5999999999995 0.665337604
2193.3999999999996 0.503768446
2240.9 0.556343232
2156.7000000000003 0.325606926
2214.2 0.530306195
2382.2000000000007 0.457128142
2503.9 0.477304321
2224.1 0.545901379
2197.8999999999996 0.634919579
2204.1000000000004 0.494068186
2361.3999999999996 0.509886887
2317.3999999999996 0.577035833
2379.2 0.453880972
2365.3999999999996 0.457021837
2154.6999999999994 0.31584718
2434.2999999999997 0.332076107
2381.1999999999994 0.346113952
2309.9 0.301644828
2268.399999999999 0.35502741
2374.7 0.216325414
2316.3999999999996 0.386763838
2298.2000000000003 0.363726849
2313.4999999999995 0.374245991
2245.2999999999997 0.331625589
2225.6000000000004 0.43903611
2273.8 0.370821462
2053.1999999999994 0.349104259
2255.4 0.337870146
2168.2999999999993 0.502333128
2318.399999999999 0.382797619
2332 0.307794095
2383.8999999999996 0.350877497
2236.8999999999996 0.356452812
2141.8999999999996 0.519069527
2487.9 0.432724788
2257.3999999999996 0.411848142
2210.9999999999995 0.377181192
2155.4999999999995 0.613819957
2376.9 0.331982748
2239.2999999999997 0.450504848
2177 0.480599953
2141.6 0.639704686
2154.5999999999995 0.428227399
2287.6000000000004 0.557568989
2338.9999999999995 0.421036457
2080.4999999999995 0.36331735
2370.9999999999995 0.48424349
2090.6000000000004 0.423453502
2197.6 0.379466459
2254.7 0.5378783
2336.2999999999993 0.415964043
2215.3 0.345714799
2290.6 0.291449293
2101.5000000000005 0.346081624
2331.0000000000005 0.268033745
2252.6000000000004 0.338210265
2234.7999999999997 0.25734956
2189.5 0.397359711
2153.7999999999997 0.359492891
2135.6999999999994 0.348501779
2169.9999999999995 0.243767384
2354 0.352231476
2357.599999999999 0.425789188
2196 0.403756376
2299.5999999999995 0.385249533
2294.1 0.349477929
2400.2999999999993 0.488941686
2210.2 0.421051524
2312.1000000000004 0.43766452
2418.9 0.398741826
2251.9 0.404817108
2214 0.439069819
2329.2 0.334593294
2378.6 0.44999764
2417.7000000000003 0.326340291
2281.6 0.386977786
2224.6 0.327050472
2371.8 0.362364374
2144.7 0.372883877
2450.4999999999995 0.492010255
2302 0.377029269
2346.7999999999997 0.373250607
2273.4999999999995 0.411880908
2167.1 0.354432089
2350.9000000000005 0.354008813
2330.7999999999997 0.332222823
2242.4 0.280262847
2386.3000000000006 0.361925937
2235 0.36206791
2376.2000000000003 0.38086448
2218.2999999999997 0.439937901
2431.8 0.318691807
2228.8 0.47511528
2388.7999999999993 0.42555061
2291.6000000000004 0.388766432
2327.6000000000004 0.468969393
2266.3999999999996 0.382825752
2137.0999999999995 0.395687626
2217.7 0.392850999
2259.2999999999997 0.384870902
2327 0.424614185
2325.6 0.418982499
2214.9999999999995 0.390640405
2123.2999999999993 0.396573432
2238.2 0.327220965
2219.7 0.4802972
2113.5 0.465362456
2268.2000000000003 0.423175152
2256.2000000000003 0.449281872
2144.4999999999995 0.411269895
2399.8 0.373329797
2254.4000000000005 0.43229592
2336.7000000000003 0.50513323
2235.4 0.457843157
2354.5000000000005 0.481464804
2276.1999999999994 0.519882502
2003.6999999999996 0.421753552
2257.7999999999993 0.342696132
2293.4 0.406027826
2245.1000000000004 0.382191891
2376.6999999999994 0.518702603
2148.6000000000004 0.264414151
2146.9999999999995 0.455418217
2230.2999999999997 0.399872803
2224.6999999999994 0.351632213
2462.7999999999997 0.588351036
2154.1 0.616089337
2211.899999999999 0.510387079
2425.8 0.487445675
2155.7 0.555109972
2324.0999999999995 0.34548659
2284.9 0.517843609
2394.3000000000006 0.457972275
2328.7999999999997 0.618272346
2149.1999999999994 0.49504053
2256.9000000000005 0.37205976
2469.2000000000003 0.421431926
2187.6 0.565491022
2214.9000000000005 0.45279929
2154.9 0.601154595
2323.6 0.487964939
2285.7999999999997 0.32005134
2242.2 0.377286669
2344.4999999999995 0.344877965
2381.2999999999997 0.35172367
2034.5999999999997 0.395175966
2434.7 0.288889274
2164.9 0.361691056
2308.4999999999995 0.281479722
2339.6 0.310836705
2346 0.394286336
2414.2000000000007 0.417221156
2256.7000000000003 0.388028075
2205 0.344355384
2231.0000000000005 0.395829214
2221.2999999999997 0.390030267
2400.1999999999994 0.414359632
2215.5 0.383133966
2128.5999999999985 0.362254124
2160.6 0.737094635
2243.6000000000004 0.476527066
2386.1 0.373212187
2206.9 0.386856079
2237.4 0.502920624
2270.2999999999993 0.409436043
2179.2999999999997 0.535860654
2303.399999999999 0.456012932
2315.3999999999996 0.358080347
2299.6000000000004 0.463164633
2334.8 0.491869726
2094.9 0.466259017
2140.7999999999997 0.478224994
2136.8 0.379827377
2129.6999999999994 0.534477571
2170.4999999999995 0.315420826
2276.4000000000005 0.522080984
2220.5 0.414086143
2019.4999999999993 0.368480624
2397.9 0.32085594
2317.7 0.421378257
2382.499999999999 0.405626658
2243.399999999999 0.377332437
2435.4000000000005 0.316885121
2203.9 0.344601956
2232.3999999999996 0.399739286
2161.2000000000003 0.307777911
2219.5 0.487906875
2313 0.394843815
2169.5999999999995 0.344572067
2125.8 0.349243169
2253.2999999999997 0.426775358
2147.0999999999995 0.391193497
2368.7999999999993 0.332746283
2296.0999999999995 0.492085246
2255.4 0.437196527
2323.9 0.327585729
2233.5999999999995 0.407317032
2401.5000000000005 0.349370333
2323.1 0.411044369
2310.8999999999996 0.367453372
2094.7999999999997 0.284929286
2315 0.358523633
2314.6999999999994 0.388043211
2324.199999999999 0.314476625
2236.6 0.358344683
2318.9999999999995 0.467121275
2232.2999999999993 0.430853629
2362.6999999999994 0.350712387
2151.8999999999996 0.29964969
2051 0.388689473
2320.4 0.276841778
2198 0.37450105
2332.7999999999997 0.349205651
2193.6 0.41794103
2251.9 0.341104455
2318.9999999999995 0.269159494
2266.9999999999995 0.323886158
2280.4 0.410454692
2347.7999999999993 0.392171512
2205.1000000000004 0.382776725
2234 0.375254784
2118.4999999999995 0.404458927
2199.6999999999994 0.33492234
2309.6 0.382881123
2302.5 0.526662485
2329.2999999999993 0.352961088
2246.4 0.321001249
2277.6000000000004 0.352386608
2171.2999999999997 0.399238322
2334.7999999999997 0.352309525
2200.8999999999996 0.381582487
2317.1 0.370850904
2383.7999999999993 0.476566067
2315.7999999999997 0.45880221
2147.6000000000004 0.500264177
2263.6 0.366600313
2285.5 0.431204854
2302 0.397419141
2330.0999999999995 0.413460364
2474.999999999999 0.350376465
2210.399999999999 0.372568809
2298.8999999999996 0.34428773
2366.8000000000006 0.426910395
2263.7999999999997 0.372191043
2425.5 0.399117194
2253.1999999999994 0.508207381
2277.7999999999997 0.287803026
2279.3999999999996 0.448270602
2194.4 0.417296699
2183.8000000000006 0.34209385
2320.8999999999996 0.317206089
2335.2000000000003 0.415180195
2430.8000000000006 0.380064929
2326.7 0.711559182
2131.4 0.706200364
2357.5 0.545157625
2366.9999999999995 0.635464361
2335.1 0.390654296
2206.5 0.466859206
2203.4 0.524358657
2321.2999999999993 0.567867495
2306.6 0.569326747
2181.7 0.563789343
2359.2000000000003 0.54615989
2358.4 0.589509607
2212.6 0.526725529
2302.7 0.535901188
2239.3999999999996 0.468518589
2393.7 0.335231338
2309.5999999999995 0.323402385
2068 0.422872205
2218.7999999999997 0.33575372
2334.3 0.288924069
2217.7 0.37657184
2199.3999999999996 0.314787871
2156.8999999999996 0.364878489
2444.2000000000003 0.401379081
2178.3 0.350788531
2265.0000000000005 0.40371238
2306.9999999999995 0.262899729
2142.0999999999995 0.477989253
2287.2999999999997 0.54089788
2430.5999999999995 0.374463907
2213.2999999999993 0.369738813
2275.6 0.671871094
2191.6 0.454897544
2246.2000000000003 0.65381222
2145.9999999999995 0.449148065
2245.0999999999995 0.496044421
2275.199999999999 0.432311293
2193.7 0.438569138
2181.7 0.461303257
2178 0.421025438
2251.7 0.548926571
2298.2999999999997 0.615951526
2276.2000000000003 0.374607588
2077.7999999999997 0.365400529
2329.0999999999995 0.418425311
2388.6 0.413324212
2261.2 0.338352413
2343.7 0.380164824
2174.899999999999 0.420956625
2169.2 0.378194091
2094.9999999999995 0.237626034
2298.0999999999995 0.351514247
2129.7 0.370487691
2359.5 0.378372404
2192.1 0.220572676
2428.6000000000004 0.374809762
2409.9000000000005 0.393041067
2415.2999999999997 0.450260389
2223.2999999999993 0.448636712
2193.9999999999995 0.335286309
2259 0.349031974
2197.3999999999996 0.40308366
2240.8 0.497810243
2112.4999999999995 0.315420359
2443.8999999999987 0.337996989
2114.2999999999997 0.373630252
2346.6 0.363871387
2356.2000000000003 0.384915946
2233 0.365465438
2266.4 0.293214631
2175.2 0.385100834
2204.6000000000004 0.383622462
2286.4 0.427112354
2239.3 0.377692862
2328.8 0.368091454
2221.2 0.320263157
2203.2999999999997 0.35866509
2377.8 0.443611244
2375.7 0.374430521
2252.2 0.50485645
2199.3 0.539870028
2202.4999999999995 0.464530106
2101.3999999999996 0.280048606
2341.9 0.420362237
2404.0999999999995 0.393547036
2128 0.326174606
2295.5 0.334797042
2368.7999999999997 0.384253003
2196.4999999999995 0.402306572
2277.0000000000005 0.360405594
2244.2000000000003 0.385290134
2183.2999999999997 0.330355967
2338.9 0.298095777
2273.9 0.40419295
2149.4999999999995 0.434403854
2271.6 0.433485554
2305.4 0.449491798
2375.9999999999995 0.549642759
2299.7999999999997 0.332547101
2219.9 0.427825601
2286.6 0.406089908
2250.7000000000003 0.330768125
2355.7999999999997 0.33473478
2261.7 0.401096231
2393.1 0.424441897
2079.2999999999997 0.423916534
2124.0999999999995 0.429133042
2378.8000000000006 0.383150783
2367.3999999999996 0.414193084
2164.3 0.479878791
2083.7 0.35650077
2252.9000000000005 0.425169362
2274.4999999999995 0.422127335
2336.2000000000003 0.324973061
2315.0999999999995 0.327727614
2285.4999999999995 0.381283058
2259.7000000000003 0.370965659
2414.6 0.376215723
2349.2 0.433624226
2138.7 0.385451381
2206.3 0.449130743
2321.4 0.432394178
2290.0999999999995 0.437431794
2368.6 0.449742315
2194.6 0.353497019
2398.1000000000004 0.470484466
2229.5999999999995 0.593967566
2314.3 0.58248884
2349.4 0.549726203
2154.9999999999995 0.420217512
2301.1 0.598782458
2430.2999999999993 0.541399821
2333.6999999999994 0.521786058
2171.0999999999995 0.591720207
2245.9999999999995 0.526341242
2354.9 0.5241566
2331.4 0.592610484
2388.2999999999997 0.45469091
2417.3999999999987 0.527817106
2118 0.428010715
2099.5 0.443173704
2356.4999999999995 0.402315592
2248.7 0.351815712
2238.5999999999995 0.339316074
2283.3 0.383432975
2179.7999999999997 0.333868304
2367.4999999999995 0.409530377
2301.9999999999995 0.307959275
2169.2999999999997 0.428778614
2340.7999999999997 0.338672308
2352.7999999999993 0.335336092
2336.5 0.37952771
2401.6999999999994 0.29206913
2415.4999999999995 0.520893798
2350.9999999999995 0.391411202
2366.5000000000005 0.321697919
2130.1 0.344130541
2353.0999999999995 0.33808214
2328.9 0.635483531
2179.4999999999995 0.272793658
2323.6999999999994 0.655519356
2207.6999999999994 0.569889899
2097.6999999999994 0.535798357
2253 0.578445466
2300.9999999999995 0.383278165
2307.8 0.447622386
2378.5999999999995 0.389032229
2320.4999999999995 0.376897166
2341.4000000000005 0.514105502
2329.5999999999995 0.48150084
2122.4 0.4057653
2093.2 0.548547097
2219.6 0.431281574
2210.2999999999997 0.333316231
2337.0999999999995 0.339272205
2448.7999999999993 0.356579526
2310.6 0.427025674
2181.6999999999994 0.408860005
2223.7999999999997 0.349457932
2148.7 0.39283429
2089.6000000000004 0.307808569
2261.999999999999 0.350321367
2364.7 0.261660637
2126.2 0.44780428
2197.2999999999997 0.378546529
2312.3 0.411864104
2347.1 0.370588783
2406.7999999999993 0.373535973
2310 0.364374075
2311.899999999999 0.368418391
2241.9999999999995 0.3624061
2257.1999999999994 0.336123751
2271.2000000000003 0.385874723
2313.1 0.374595079
2312.8 0.370903143
2236.2 0.416234059
2247.7 0.379071184
2206.7 0.430620091
2219.6999999999994 0.380293721
2333.5999999999995 0.355879864
2363.9999999999995 0.442834866
2236.7000000000003 0.46646704
2256.2999999999993 0.352307889
2184.8999999999996 0.323579975
2061 0.420984055
2342.3 0.432316565
2289.2999999999997 0.436364832
2147.8999999999996 0.467001732
2249.7000000000003 0.426193375
2256.2 0.420231073
2496.600000000001 0.479697894
2344.6 0.383461868
2155.3999999999996 0.298777482
2210.1 0.338483875
2345.2 0.390349211
2390.8999999999996 0.393767062
2372.5999999999995 0.487828404
2372.7999999999993 0.428506935
2431.8999999999996 0.404768813
2124.3999999999996 0.433230539
2420 0.417775597
2148.8999999999996 0.41285159
2293.2999999999997 0.445657124
2429.9000000000005 0.443034715
2436.7000000000003 0.389073561
2238.0999999999995 0.362944199
2344.9999999999995 0.395329372
2323 0.401312272
2274.9999999999995 0.440091492
2283.8000000000006 0.340510699
2292.2999999999997 0.32428017
2277 0.392344798
2191.2999999999997 0.353360939
2074.6 0.284797343
2333.3999999999996 0.429525368
2128.8999999999996 0.339996498
2058.5999999999995 0.376695278
2300.5000000000005 0.456167223
2039.6999999999996 0.411847534
2255.4999999999995 0.346386357
2399.4999999999995 0.422767139
2253.1 0.397237352
2283.9999999999995 0.363083398
2305.5000000000005 0.402547058
2493.2000000000003 0.317270679
2273.2000000000007 0.434381412
2352.4999999999995 0.454046006
2279.2 0.420396297
2137.7 0.401507142
2235.6000000000004 0.407682394
2256.5999999999995 0.295453992
2273.8999999999996 0.582460461
2406.1999999999994 0.612278921
2224.2 0.502853906
2035.9999999999993 0.683247212
2312.8999999999996 0.48979825
2311.2999999999997 0.571622394
2166.1999999999994 0.595938869
2218.4999999999995 0.453714779
2306.7999999999993 0.427073783
2129.8999999999996 0.478619475
2169.5 0.583909453
2122.7 0.388604462
2325.5 0.462449194
2326.9000000000005 0.398899691
2346.6000000000004 0.555472876
2277.4 0.494077148
2270.9 0.308638857
2127.7999999999997 0.295901015
2243.099999999999 0.388870371
2297.0999999999995 0.3041162
2071.0999999999995 0.37359758
2251.9 0.400448947
2326.2999999999993 0.334812026
2207.2999999999997 0.338998301
2245.4999999999995 0.292686311
2131.2999999999997 0.366708876
2192 0.446365622
2082.8999999999996 0.355012962
2317.9 0.392580336
2154.5 0.273622351
2197.9 0.388090695
2180.4 0.27574889
2340 0.467881015
2385.7 0.44465857
2264.7999999999997 0.520325279
2296.1 0.508585105
2346.8 0.414969786
2375.7 0.506992544
2369.6999999999994 0.417843342
2383 0.52465749
2272.6 0.295374787
2481.7999999999997 0.344611667
2197.7999999999997 0.340038042
2192.9000000000005 0.484714562
2282.1 0.471815987
2224.1999999999994 0.395559537
2276.599999999999 0.452929695
2295.2999999999993 0.376252119
2316.8999999999996 0.435990161
2275.9999999999995 0.297510689
2348.2 0.487980322
2138.5999999999995 0.37668302
2095.6 0.325710194
2299.7000000000003 0.448134373
2324.0000000000005 0.395984633
2259.4 0.360851447
2260.4999999999995 0.388266781
2329.4999999999995 0.308217127
2235.7999999999997 0.364698598
2210.7999999999997 0.395061482
2254.4999999999995 0.425277917
2319.9 0.338462522
2263.9000000000005 0.307745347
2095.2999999999993 0.361178941
2269.3999999999996 0.456245663
2043.7999999999995 0.239195236
2213 0.437582201
2243.6999999999994 0.41412541
2292.5 0.476340176
2322.3999999999996 0.349910902
2418.8 0.285356435
2271.5999999999995 0.38447129
2220.4999999999995 0.327053486
2271.0000000000005 0.413924488
2181.6000000000004 0.32341763
2129.3999999999996 0.359398977
2263.7999999999997 0.378095152
2387.7 0.397359042
2461.0000000000005 0.33145331
2253.0999999999995 0.335118084
2264.999999999999 0.360602411
2355.2999999999993 0.38822903
2025.6 0.315415101
2129.0999999999995 0.283375927
2224.399999999999 0.484216614
2252.2999999999997 0.360288065
2466.8999999999996 0.342871659
2202.6000000000004 0.466141142
2270.4 0.453610336
2291.0999999999995 0.465304689
2291.5 0.444612041
2444.4999999999995 0.397728127
2293.5 0.340020203
2226.899999999999 0.343531802
2391.2999999999993 0.310722004
2362.4 0.43313211
2171.8 0.32103974
2283.7999999999997 0.347246743
2165.8999999999996 0.523773928
2496.8999999999996 0.406739595
2310.7 0.306121864
2283.8999999999996 0.362123864
2204.3 0.394300514
2179 0.508058309
2324.2999999999993 0.349390171
2401.4999999999995 0.326026772
2019.3999999999999 0.262263003
2283.100000000001 0.354665646
2190 0.329729171
2322.2999999999993 0.362889444
2328.4999999999995 0.421719244
2294.8999999999996 0.435592285
2065.499999999999 0.491173841
2082.4999999999995 0.325256186
2267.2999999999997 0.415292295
2173.5 0.443558652
2334.6000000000004 0.391315107
2120.9 0.398269986
2261.6 0.423446169
2346.499999999999 0.460643835
2330.4999999999995 0.390844414
2278.2 0.320171292
2291.2999999999993 0.425552078
2158.1 0.394069851
2032.7 0.37171511
2279.2 0.405006658
2276.9999999999995 0.452864847
2181.5999999999995 0.367846047
2226.2999999999997 0.429816247
2227.4999999999995 0.5164621
2333.9 0.535032798
2450.1 0.426812705
2354.4 0.349123516
2332.5999999999995 0.562284135
2216.0999999999995 0.573361745
2322.8999999999996 0.545622421
2198.2999999999993 0.463989837
2303.899999999999 0.564117071
2172.7 0.605661945
2312.4 0.518536739
2232.6000000000004 0.484762676
2189.3 0.411211133
2269.9 0.550035084
2219.2 0.432145815
2208.5 0.523282586
2306 0.349429742
2296.6 0.322789009
2117.8999999999996 0.293536079
2188.7 0.359090505
2132.4000000000005 0.29106532
2516.5 0.321318188
2331.9 0.396444552
2316.5999999999995 0.319318158
2284.2 0.329825925
2254.2999999999997 0.300654406
2234.6000000000004 0.274929977
2315.8 0.387272918
2123.6999999999994 0.357857729
2296.7 0.349901758
2261.9999999999995 0.445902521
2221.7 0.436906482
2207.8 0.4486493
2370.6000000000004 0.483440083
2422.7 0.403340271
2451.9 0.416438405
2269.1 0.499064765
2386.2 0.43641135
2158.0999999999995 0.598343201
2295.6 0.442031671
2189.9 0.431397117
2234.7999999999997 0.649293025
2461.7 0.290586403
2443.4 0.464316216
2163.7999999999997 0.534344104
2336.7 0.378374899
2233 0.443244317
2282.1000000000004 0.472556786
2221.7 0.395999421
2145.9999999999995 0.372376039
2282.6 0.415429389
2206 0.395841958
2123.2999999999993 0.385008695
2356 0.386640376
2215.4999999999995 0.360398937
2268.0000000000005 0.404383408
2286.1000000000004 0.446311295
2219.1 0.406329492
2365.5 0.473887231
2197.0999999999995 0.389293117
2312.499999999999 0.350235937
2443.9999999999995 0.368417447
2224.5999999999995 0.324739994
2225.5999999999995 0.323111274
2347.3 0.352696778
2280.1999999999994 0.285806466
2227.1 0.444560452
2238.2000000000003 0.454448443
2078.5999999999995 0.305435402
2168.8999999999996 0.340631446
2290.4999999999995 0.356705279
2098.7 0.365319665
2250.3 0.361572104
2132.1 0.419450586
2418.2 0.304565923
2190.2999999999993 0.349142823
2328.7999999999997 0.478663817
2248.0999999999995 0.39169348
2344.2999999999993 0.288624326
2005.5999999999995 0.38636821
2396.2999999999997 0.378114502
2193.2999999999997 0.471278814
2167.1000000000004 0.509501319
2343.499999999999 0.480719575
2154.499999999999 0.445635449
2312.9 0.342253413
2108.1999999999994 0.449962127
2259.1999999999994 0.476790116
2299.9999999999995 0.387231452
2313.7 0.340454019
2292.8999999999996 0.299677587
2417.3999999999996 0.351404114
2438.8000000000006 0.317551355
2099.3999999999996 0.381350472
2271.7999999999993 0.453615921
2289.4999999999995 0.405858395
2398.6000000000004 0.319025875
2285.9 0.274970953
2191.9 0.36025095
2380.3 0.418928314
2413.7000000000003 0.357047658
2302.0999999999995 0.303104269
2200.5999999999995 0.39349891
2229.8999999999996 0.310629873
2485.3 0.301145646
2282.6 0.42612618
2047.2999999999997 0.433032327
2128.999999999999 0.294430433
2220.2 0.427800308
2184.3999999999996 0.418500211
2464.4 0.35251386
2097.0999999999995 0.478370157
2392.1 0.412093098
2285.7 0.311010921
2253.6 0.407359291
2323.2999999999997 0.307446833
2249.9 0.477164885
2191.6 0.437518912
2304.3999999999996 0.492838138
2303.2 0.374246784
2247.7000000000003 0.347370106
2410.7999999999993 0.425917866
2204.399999999999 0.360500877
2341.8 0.453678826
2325.7 0.284680842
2306.4 0.430749452
2333.2999999999997 0.434167033
2214.2 0.401233925
2227.7999999999997 0.570359747
2277.1 0.44784527
2155.7999999999997 0.536435533
2150.5999999999995 0.560756651
2230.6 0.557928533
2284.3 0.353389711
2260.2999999999997 0.487346704
2222.9 0.435371864
2332.4 0.646510384
2105.7 0.463580685
2113.9999999999995 0.575618722
2282.899999999999 0.48093962
2315.9999999999995 0.522784672
2276.9 0.542261555
2207.4999999999995 0.600292797
2359 0.526555279
2322.3000000000006 0.289777752
2248.9999999999995 0.289544524
2340.9999999999995 0.346263031
2326.4999999999995 0.334278408
2088.0999999999995 0.284471038
2334.2000000000003 0.409815539
2298.9 0.381084641
2263.9 0.354662151
2153.5 0.342655451
2298 0.282642632
2279.2 0.386396027
2320.3999999999996 0.309061535
2303.1000000000004 0.39221114
2253.7 0.395018823
2238.0999999999995 0.376289082
2234.3999999999996 0.390950782
2302.8 0.369779413
2356.7999999999997 0.484130432
2321.3 0.46304554
1986.5999999999997 0.542133211
2195.2999999999993 0.497522421
2309.4999999999995 0.412142306
2387.5999999999995 0.46616894
2276.1999999999994 0.360162222
2232 0.321321705
2320 0.423032446
2004.7999999999997 0.52300891
2296.2 0.525520691
2357.599999999999 0.421851175
2351 0.390341378
2333.1 0.444123877
2263.2000000000003 0.448242423
2240.3999999999996 0.362820348
2418.9000000000005 0.403257292
2299.0000000000005 0.412836706
2209.1000000000004 0.437173994
2257.8000000000006 0.355387901
2261.9 0.331956958
2340.1 0.402785066
2170.3 0.31640076
2205.1 0.379123726
2070.8999999999996 0.308393604
2433.1 0.302065591
2322.6000000000004 0.343054063
2268.7999999999993 0.413741814
2242.1 0.41338919
2291.5 0.372694262
2397.1 0.342571926
2204.0999999999995 0.37234119
2458.1 0.429162492
2120.7999999999997 0.409145088
2311.6999999999994 0.35132653
2277.6 0.296100256
2326.1 0.419685191
2322.4999999999995 0.426866213
2264.9 0.417688797
2208.3999999999996 0.303090494
2238.3999999999996 0.366040431
2275.7 0.445846786
2358.2999999999997 0.409500086
2053.5 0.392906995
2177.8 0.421040665
2378.399999999999 0.377525026
2148.7999999999993 0.487495289
2221.7 0.279769436
2276.7 0.42483744
2305.4 0.47594244
2376.4000000000005 0.450566616
2087.0000000000005 0.343637304
2295.3999999999996 0.304607601
2266 0.352705233
2199.7 0.385841383
2266.0999999999985 0.448674019
2326.3999999999996 0.323021768
2288.1000000000004 0.398529617
2366.6000000000004 0.444161244
2251.8999999999996 0.401569915
2175.5999999999995 0.467951787
2241.1 0.356370212
2299.4 0.272969691
2307.7 0.384364151
2087.2 0.362907504
2327.3999999999996 0.34481741
2436 0.398366361
2210.7 0.355854836
2171.999999999999 0.408000152
2301.6000000000004 0.336184278
2269.2999999999993 0.46930493
2344.9999999999995 0.476946952
2495.6999999999994 0.379369191
2274.7 0.403665775
2156.2999999999997 0.364511161
2364.7000000000003 0.366497177
2281.899999999999 0.334300553
2274.7999999999993 0.362056486
2299.800000000001 0.442183291
2252.5 0.330242546
2305 0.311958631
2242.0000000000005 0.462936051
2224.7000000000003 0.362625424
2266.6999999999994 0.391681523
2373.5999999999995 0.319076423
2233.4999999999995 0.356980137
2352.7000000000007 0.335112132
2343.2999999999997 0.367169071
2217.6000000000004 0.418190682
2272.7000000000003 0.397197357
2317.7999999999997 0.565041418
2159.1 0.319431746
2337.4 0.39724469
2164.4 0.395451473
2181.7999999999997 0.411888182
2221.9 0.411216867
2453.7999999999997 0.40462493
2358.499999999999 0.488802915
2301.7000000000003 0.582613348
2146.7 0.531787006
2325.9999999999995 0.490966056
2247.1 0.701260613
2238.500000000001 0.604751532
2409.5 0.65426954
2207.1 0.506983914
2241.7 0.464581551
2334.8000000000006 0.489629672
2161.2 0.517440908
2395.3 0.465195932
2344.5999999999995 0.503979354
2417.9000000000005 0.537684419
2207.7999999999997 0.3728945
2323.2999999999993 0.346184587
2104.2 0.269375979
2163.7999999999993 0.344644903
2319.3 0.374198024
2451.2000000000003 0.307865744
2184.2 0.375724576
2271.0000000000005 0.360372499
2237.6 0.380525123
2175.9999999999995 0.33578968
2212.5999999999995 0.296093326
2200.9 0.437346671
2283.7999999999997 0.364461465
2182.4999999999995 0.279167285
2166.0999999999995 0.4890889
2366.3 0.466528015
2173.8999999999996 0.375880212
2220.8999999999996 0.371827307
2236 0.412425265
2181.6999999999994 0.396632517
2193.7 0.502241227
2216.7999999999997 0.558951269
2228.8999999999996 0.481027593
2367.1 0.531593108
2299.2999999999993 0.373216304
2435.1 0.35619851
2166.9 0.49725588
2355.2999999999997 0.382211662
2305.1999999999994 0.418782991
2395.4999999999995 0.411534832
2252.7999999999997 0.350383534
2300.9 0.424701123
2390 0.406532679
2351.0000000000005 0.339408875
2296 0.405984069
2265.5 0.378708428
2215.6 0.3834307
2186.3 0.429956215
2365.8999999999996 0.337429211
2247.0999999999995 0.39347533
2270.7000000000003 0.434978555
2129.7000000000003 0.404405608
2328.4 0.384318552
2283.9000000000005 0.316804995
2220.7999999999993 0.346538117
2338 0.421383048
2284.4 0.383246341
2260.6 0.373375077
2273.1 0.308147968
2383.4 0.377207329
2377.8 0.461128439
2333.2000000000003 0.362574603
2217.2000000000003 0.360352367
2445.6 0.378920521
2395.1999999999994 0.407940027
2335.7000000000003 0.391913777
2208.9999999999995 0.352335324
2362.7 0.394598004
2347.7 0.447057938
2273.1000000000004 0.425768731
2339.2999999999997 0.323789299
2152.2999999999997 0.320480319
2161.3999999999996 0.382350185
2170.7999999999997 0.515344297
2232.2000000000003 0.375060126
2178.4999999999995 0.341287335
2421.6000000000004 0.47239904
2314.0999999999995 0.488434084
2200.5 0.302772034
2414.5 0.395803166
2157.6 0.418590928
2143.8 0.335651222
2167.9 0.36526054
2386.6 0.542686931
2198.2 0.402475325
2158.5999999999995 0.403029346
2095.7 0.373537394
2131.2 0.388773407
2316.5000000000005 0.411124349
2231.0000000000005 0.336522867
2221.4999999999995 0.321929907
2098.7000000000003 0.318860536
2267.9999999999995 0.406275766
2341.3999999999996 0.358128891
2270.2 0.471515451
2296.1999999999994 0.413555583
2333.7999999999997 0.3770284
2231.8 0.299844941
2163.7 0.37625654
2120.7 0.394198166
2337.6000000000004 0.371545852
2230.7000000000003 0.436789666
2213.5 0.358350756
2335.4999999999995 0.40768288
2265.0999999999995 0.285038922
2288.2 0.358420744
2181.7999999999993 0.366933231
2219.6999999999994 0.333706802
2316.2000000000003 0.317258494
2391.6 0.389827803
2195.3999999999996 0.353743766
2370.2 0.413842043
2175.7000000000003 0.329966186
2384 0.366572991
2380.5999999999995 0.382745529
2267.6999999999994 0.368219645
2302.5 0.371585007
2342.2999999999993 0.478287948
2198.6 0.459389228
2404.999999999999 0.537199917
2138.4 0.432900818
2120.5999999999995 0.470285896
2285.6999999999994 0.285262424
2241.2 0.641332304
2219.5999999999995 0.448833483
2312.4 0.563965247
2300.4000000000005 0.634857038
2331.7999999999993 0.491627886
2375.4 0.627997277
2288.6000000000004 0.547235604
2270.7999999999997 0.520646148
2255.5000000000005 0.553958082
2224.2999999999997 0.577276307
2329.2999999999997 0.584873591
2393.1 0.454074184
2419.799999999999 0.463338339
2282.7000000000003 0.488184135
2156.4999999999995 0.534484408
2175.5 0.314121567
2243.1 0.376716796
2355 0.302189755
2228.099999999999 0.33042214
2388.6 0.352629976
2371.999999999999 0.307615668
2339.2000000000003 0.331480083
2301.3999999999996 0.337671492
2386.9999999999995 0.424594319
2217.1999999999994 0.443057953
2289.9999999999995 0.413460343
2292.2 0.246137314
2347.7 0.414555184
2284.6 0.289165039
2130.2999999999993 0.387839358
2120 0.507428122
2357.5999999999995 0.511466711
2404.4 0.617885505
2327.1 0.683723655
2203.5 0.396648268
2184.1000000000004 0.645786117
2467.1000000000004 0.406890991
2293.2 0.421599812
2116.2 0.389734802
2196.5 0.40239373
2299.5999999999995 0.375877277
2235.2000000000007 0.479400157
2230.8999999999996 0.370607457
2237.4 0.331084649
2383.2 0.375188218
2170.5000000000005 0.285393769
2131.7 0.445441434
2267.3 0.385152898
2164.0999999999995 0.464270271
2142.6999999999994 0.433147697
2309.6999999999994 0.369714449
2432.4999999999995 0.311989651
2437.8 0.371830619
2186.3 0.252550641
2320.3999999999996 0.316709685
2184.7999999999997 0.445940707
2180.3999999999996 0.378544366
2150.5999999999995 0.261616085
2372.7000000000003 0.360448333
2190.4 0.40597939
2282.8 0.401718803
2152.1 0.426445038
2347.4 0.344734495
2251.3 0.344977695
2174.6 0.330763156
2226.3999999999996 0.386210739
2208.2 0.361760189
2246.2000000000003 0.348001498
2218.4999999999995 0.341693318
2263.1 0.315774131
2165.3 0.473992478
2469.7000000000003 0.365725349
2139.8 0.369647459
2430.2 0.319558699
2375.2999999999997 0.437686495
2068.3 0.405003706
2169 0.386020345
2104.8 0.328513511
2161.6 0.388133749
2079 0.227637919
2066.9999999999995 0.418928311
2354.299999999999 0.526431736
2099.2999999999997 0.367394989
2115.6 0.335189534
2352.4999999999995 0.35352523
2211.7 0.355851616
2305.8999999999996 0.405212593
2235.8999999999996 0.273258038
2369.5000000000005 0.386422722
2325 0.337938022
2220.7999999999997 0.380177152
2445.8 0.41939719
2211.7000000000003 0.427856922
2349.5 0.426891515
2338.2 0.306187484
2213.1000000000004 0.36306458
2217.8999999999996 0.447933204
2258.9 0.351710236
2367.7000000000007 0.367859015
2202.2 0.347313595
2300.1999999999994 0.34349905
2162.4 0.356312564
2367.3999999999996 0.393466371
2305.9 0.355089108
2353.7000000000003 0.386346218
2206.7 0.369954647
2154.6 0.478299528
2308.7000000000003 0.399306656
2207.9999999999995 0.351752899
2265.2999999999997 0.30591019
2154.9000000000005 0.3559281
2142.7999999999993 0.277974485
2307.0999999999995 0.549276619
2338.0999999999995 0.456351227
2441.2999999999997 0.38386014
2160.5 0.507437804
2360.6999999999994 0.453271127
2332.7 0.413334428
2298.2 0.413944615
2340.0000000000005 0.409515317
2310.4 0.488783392
2019.0999999999997 0.310806334
2213.5999999999995 0.327931726
2139.5999999999995 0.487743178
2347.6 0.500568913
2198.5 0.383206222
2320.5000000000005 0.420067768
2163.6 0.358277288
2308.6000000000004 0.565474712
2300.7999999999997 0.524019303
2243.3999999999996 0.613115989
2112.0999999999995 0.548125656
2255.1 0.531844297
2388.5000000000005 0.42099202
2205.9 0.613509853
2222.7 0.477645491
2173.8999999999996 0.467303276
2119.7999999999997 0.508651599
2217.5000000000005 0.448181813
2203.0000000000005 0.480366894
2367.2000000000003 0.438983967
2077.5999999999995 0.453271654
2254.500000000001 0.498319309
2229.8999999999996 0.38406144
2364.4999999999995 0.425925511
2371.4 0.324983331
2284.9 0.366011955
2222.4 0.380855381
2330.6999999999985 0.296225517
2247.6 0.311508974
2260.9999999999995 0.326814607
2305.5 0.339619216
2294.6000000000004 0.326632991
2182.4 0.354251595
2119.2 0.37276543
2259.399999999999 0.380701779
2328.9 0.391709079
2344.299999999999 0.408257049
2129.7 0.386521664
2377.5 0.449815535
2303.3 0.404496531
2408.5 0.566319617
2121.4999999999995 0.396678733
2221.3999999999996 0.522818235
2214.8999999999996 0.408142031
2261.5999999999995 0.516595452
2264.6 0.351798793
2288.6 0.434701237
2377 0.290401564
2138.399999999999 0.433569286
2309.7 0.399604812
2359.6999999999994 0.388664106
2278.9 0.529727688
2410.8 0.465786056
2379.6 0.507197106
2243.7000000000003 0.440777082
2223.3999999999996 0.360193966
2393.8999999999996 0.331930032
2266.5999999999995 0.494092564
2246.999999999999 0.400597916
2100.0999999999995 0.313046076
2269.899999999999 0.378196137
2260.1 0.401086811
2276.5999999999995 0.434628252
2258.7 0.260924665
2347.4999999999995 0.383839156
2450.0999999999995 0.412073553
2329.3999999999996 0.418522511
2265 0.41488311
2471.3 0.323925002
2150.4 0.394353978
2440 0.355669427
2130.2 0.426104354
2345.2999999999993 0.44973336
2358.4 0.363841797
2170.2 0.267414323
2274.9 0.400393795
2286 0.348874766
2359 0.429474241
2313.6000000000004 0.432595016
2287.8999999999987 0.414688519
2190.0999999999995 0.441780738
2248.2999999999997 0.337964365
2281.1999999999994 0.363927175
2357.0999999999995 0.394157488
2289.7 0.330158615
2163.7999999999993 0.353362829
2328.6999999999994 0.315567065
2324.9999999999995 0.519969798
2379.5 0.318592601
2216.6999999999994 0.435094884
2288.8 0.405587523
2152.7999999999997 0.444401076
2251.1 0.293329095
2487.4 0.408509405
2195.6 0.371419445
2179.5999999999995 0.377346333
2239 0.445205251
2230.4 0.408876842
2457.4 0.273133636
2332.4999999999995 0.369847475
2102 0.391974796
2300.7000000000003 0.422928871
2190.7999999999997 0.299971791
2197.5999999999995 0.385265639
2203.3999999999996 0.432414618
2408.099999999999 0.398405128
2048.7 0.31456151
2266.2999999999997 0.434757632
2227.9999999999995 0.3474292
2260.2000000000003 0.431561979
2310.6999999999994 0.369456371
2120.6 0.381675626
2334.6999999999994 0.480034795
2235.499999999999 0.389478421
2443.0000000000005 0.349504808
2298.7999999999997 0.273178091
2501.3 0.333401273
2192.7999999999993 0.412181709
2210.6000000000004 0.293528919
2445.9999999999995 0.33930478
2247.8999999999996 0.374574396
2320.7 0.436682487
2354.7000000000003 0.428225786
2422.2 0.45294183
2278.7999999999997 0.458835592
2303.2999999999997 0.463632579
2239.2999999999997 0.400971152
2262.9999999999995 0.367909106
2252.9999999999995 0.392903127
2326.1 0.339360662
2138.8999999999996 0.501759368
2147 0.503439845
2385.899999999999 0.487958838
2500 0.450430656
2367.9 0.463029322
2289.5 0.476900458
2293.7999999999997 0.604647316
2312.6999999999994 0.462815092
2354.9999999999995 0.432632606
2344 0.441088414
2247.7000000000003 0.562535124
2433.1 0.442298378
2120.9999999999995 0.483728294
2477.5999999999995 0.558118981
2310.3 0.613681607
2242.2999999999997 0.574200636
2494.6 0.504751225
2301.7000000000003 0.594137447
2352.2999999999993 0.464341133
2232.1 0.563149468
2275.6 0.382417363
2272.399999999999 0.293035237
2419.5 0.257952427
2379.999999999999 0.321066435
2304.6 0.271199193
2298.599999999999 0.363724408
2270.5000000000005 0.292015224
2260.4000000000005 0.348854503
2162.6 0.532287703
2357.0000000000005 0.260535649
2186.399999999999 0.315467536
2338.6999999999994 0.330867809
2267.5 0.313525566
2281.1 0.309508225
2212.899999999999 0.433760559
2229.2 0.399853061
2308.5 0.322491161
2233.0999999999995 0.410332607
2112.1 0.401387852
2176.8000000000006 0.545329973
2148.7999999999997 0.577323802
2277.2999999999997 0.608805767
2148.3000000000006 0.452201699
2259.9 0.640810146
2233.4999999999995 0.396522864
2209.3999999999996 0.350008212
2195.5999999999995 0.361440367
2129.4999999999995 0.498796623
2199.1 0.576464197
2297.6 0.335658004
2212.7 0.33880236
2331.3 0.365810178
2000.3999999999999 0.442445342
2226.1000000000004 0.491880263
2220.4 0.426456831
2303.1 0.507053977
2478.600000000001 0.373142262
2245.1999999999994 0.277263711
2174.3 0.407806606
2192.5999999999995 0.305155459
2313.699999999999 0.287509546
2286.5 0.361929481
2305.7 0.458780629
2203.6000000000004 0.395065459
2338.6 0.309751451
2223.8999999999996 0.430365199
2321 0.380267242
2406 0.294823325
2163.2 0.392000015
2351.8999999999996 0.387635907
2160.5999999999995 0.349500441
2336 0.461233914
2221.2999999999997 0.337370486
2479.2 0.343111586
2257.6999999999994 0.373467531
2290.6000000000004 0.377779249
2281.8 0.394825647
2333.7 0.333305576
2212.7999999999993 0.333136645
2115.2999999999993 0.37281664
2156.7 0.344127594
2218.3 0.439999334
2240.7999999999997 0.437581878
2034.5999999999992 0.408309732
2312.0000000000005 0.389903196
2205.1 0.383094258
2316.8000000000006 0.427586726
2192.2999999999997 0.347070123
2200.6000000000004 0.386050426
2039.7999999999995 0.372770466
2425.599999999999 0.249202415
2119.2999999999997 0.394684972
2264.4999999999995 0.393170717
2132.3999999999996 0.422825729
2402.8999999999996 0.347570533
2229.0000000000005 0.443759273
2271.7000000000003 0.350772641
2236.7999999999997 0.416861259
2230.2999999999993 0.470685587
2265.2 0.449791294
2138.4999999999995 0.376430043
2368.0999999999995 0.44330933
2246 0.431390981
2305.9 0.413795902
2318.6000000000004 0.328655691
2271.4999999999995 0.413241877
2132 0.312953458
2281.2 0.398188128
2235.6 0.403634924
2333.2 0.440013339
2375.5999999999995 0.330714713
2208.8 0.393066433
2252.6 0.393054588
2231.0999999999995 0.392368975
2280.9999999999995 0.462564377
2346.5999999999995 0.380307996
2119.2999999999993 0.369811252
2198.5 0.433580813
2125.6 0.373264112
2511.2 0.400897969
2422.6000000000004 0.368435173
2240.2 0.402789481
2105.7999999999997 0.3833543
2361.4999999999995 0.436737695
2387.3000000000006 0.456699789
2182.7 0.399482973
2169.1999999999994 0.376627036
2229.5 0.485186599
2206.6999999999994 0.397730976
2189.4999999999995 0.402200314
2272.2999999999997 0.41452537
2235.4000000000005 0.388052187
2209.5 0.318830787
2174.7 0.490847585
2321.1 0.429783622
2208.8 0.688522764
2290.5000000000005 0.476940606
2205.7000000000003 0.574337773
2309.4999999999995 0.571104283
2392.5999999999995 0.432515379
2106.8999999999996 0.460305648
2242.5 0.531516853
2216.4999999999995 0.491216076
2318.8999999999987 0.590445236
2249.4 0.659177538
2362.4 0.516921473
2340.9999999999995 0.535777209
2275.0999999999995 0.518837718
2246.0999999999995 0.4593805
2237.2 0.386605741
2292 0.402646396
2350.3999999999996 0.395427291
2219.4999999999995 0.361879997
2443.3999999999996 0.407922671
2398.6 0.33989342
2276.2 0.331479738
2261.7999999999997 0.341089251
2233.5999999999995 0.392378628
2282.1 0.323479278
2392 0.381269339
2190.2000000000007 0.357559567
2201.9 0.443089578
2090.0999999999995 0.279332363
2138.2999999999993 0.285502112
2167.2999999999997 0.502742142
2353 0.390600623
2250 0.629680119
2346.7000000000003 0.471375957
2368.3999999999996 0.504541524
2213.2999999999997 0.389483613
2246.999999999999 0.400118996
2223.899999999999 0.352800303
2245.1 0.413934723
2250.6 0.428629201
2310.3999999999996 0.333599087
2354.7999999999997 0.334121072
2248.4 0.5280677
2243.6 0.3897776
2397.9999999999995 0.307678953
2155.6999999999994 0.455668021
2383 0.436837547
2338.7999999999997 0.516924516
2320.7999999999997 0.411878646
2358.6 0.415709004
2375.1 0.477441403
2360.1 0.34257621
2200.8 0.440645549
2401.0999999999995 0.277134382
2181.8999999999996 0.368448774
2273.7000000000003 0.456063296
2247.8999999999996 0.391722614
2247.1 0.378517023
2307.3999999999996 0.276965816
2367.1999999999994 0.428749678
2221.6 0.37701561
2319.3 0.26325275
2186.9999999999995 0.365471167
2208.1999999999994 0.386224615
2258.4999999999995 0.375965485
2125.2999999999993 0.426833182
2199.599999999999 0.436615962
2228.2999999999997 0.307515305
2187.2999999999997 0.420370739
2409 0.389745879
2233.6 0.361823998
2273.9999999999995 0.406616534
2273.9 0.380133916
2201.2999999999997 0.351690501
2316.9999999999995 0.369982755
2236.7000000000003 0.405172588
2161.8999999999996 0.456436639
2315.5000000000005 0.38012085
2301.6 0.462930011
2298.8000000000006 0.311264948
2469.7000000000003 0.375713593
2164.8000000000006 0.486657543
2101.9000000000005 0.364046967
2166.8999999999996 0.334373269
2349.9 0.397733103
2187.7 0.419680724
2129.7999999999997 0.373946594
2389.3 0.383052512
2377.5 0.403729659
2290.4000000000005 0.320899017
2283.7999999999997 0.478502807
2176.7999999999993 0.345402277
2148.7 0.489195166
2195.7000000000003 0.374434135
2301.2999999999997 0.482636073
2315.7999999999997 0.402560512
2299.799999999999 0.403611664
2334.2000000000003 0.405543352
2353.3999999999996 0.374248926
2186.2999999999997 0.382500857
2253.6 0.41397126
2251.0999999999995 0.40503709
2365.4 0.376898168
2385.7999999999993 0.427834711
2179.2999999999997 0.441204612
2549.8999999999996 0.304428563
2290.8 0.371087374
2264.1999999999994 0.420844986
2353.5 0.425270662
2195.4 0.401117047
2318.1999999999994 0.370900911
2465.1999999999994 0.458302197
2277.2999999999997 0.397049819
2269.5999999999995 0.571026453
2104.4999999999995 0.498029018
2345.6000000000004 0.585192651
2482.9 0.350495816
2220.4999999999995 0.44440833
2372.2999999999997 0.40062277
2157.5999999999995 0.39066108
2470.8 0.443178757
2391.5999999999995 0.256172875
2146.5999999999995 0.62253974
2288.7 0.434760661
