2248.2000000000007 0.615407993
2105.5 0.481902283
2239.2999999999997 0.517889362
2099.2999999999997 0.469317563
2175.0999999999995 0.601480997
2400.2 0.490892434
2293.6999999999994 0.582077062
2335.6999999999994 0.535967599
2198.5999999999995 0.531619531
2258.9 0.403717611
2440.5 0.45629052
2260.8 0.45131905
2347.7 0.288384938
2168.3 0.351845584
2102.1000000000004 0.308598036
2149.2 0.360972953
2265.7 0.316346064
2242.9999999999995 0.252175385
2274.6000000000004 0.34150304
2212.2000000000003 0.29374974
2287.1 0.342535964
2299.8000000000006 0.445362849
2282.3 0.420907607
2341.6999999999994 0.341519529
2192.8999999999996 0.277476459
2321.4999999999995 0.384747774
2256 0.356233599
2252.7 0.31264
2336.5999999999995 0.400716071
2240.5 0.252306001
2350.6999999999994 0.375978017
2343.8999999999996 0.355500344
2260.2000000000003 0.268693471
2284.4999999999995 0.271544115
2228.2000000000003 0.452647267
2260.1000000000004 0.324247115
2370.8999999999996 0.34566341
2408.6000000000004 0.341047713
2318.4999999999995 0.391991851
2249.2 0.397288407
2430.6999999999994 0.408828022
2182.6 0.382532645
2475.0000000000005 0.299469845
2062 0.277297147
2236.5 0.329839294
2178.1 0.322363923
2221.9 0.30478121
2317.5 0.357294004
2374.7 0.285054736
2264.499999999999 0.411759123
2245 0.344247716
2478.4999999999995 0.394570575
2295.0999999999995 0.394238667
2118.7999999999997 0.427662715
2393.2 0.343373622
2389.2000000000003 0.417958719
2225.7000000000003 0.370625161
2346.4999999999995 0.407319299
2181.4999999999995 0.378028817
2100.6 0.388890412
2307.6 0.459610522
2427.1999999999994 0.358254596
2396.7000000000003 0.346410062
2353.0000000000005 0.439737307
2321.6 0.460156851
2386.1000000000004 0.313981283
2218.7 0.386083329
2205.2999999999993 0.338411468
2129.2999999999997 0.325255876
2169.2999999999993 0.329423833
2268.3999999999996 0.363004825
2371.1 0.299865668
2333.099999999999 0.353139672
2315.3000000000006 0.346358413
2342.9999999999995 0.482489823
2432.4999999999995 0.396257252
2466.7999999999993 0.270193767
2301.7999999999997 0.34277738
2230.3999999999996 0.389702603
2142.9 0.462377973
2245.5000000000005 0.410901912
2196.3999999999996 0.347212387
2376.1 0.37229716
2436.8 0.395501957
2289.2999999999997 0.364011325
2130.7 0.408091666
2269.699999999999 0.431614031
2383.0999999999995 0.280283757
2224.9999999999995 0.281552866
2078.1999999999994 0.494412784
2387.1 0.346540431
2153 0.464030992
2226.600000000001 0.415216419
2264.7999999999993 0.331513354
2385.2 0.408804191
2201.1999999999994 0.382433401
2251.7 0.500993873
2409.2 0.33309453
2483.599999999999 0.277796203
2404.7 0.363650286
2188.7999999999993 0.341977763
2185.9 0.417700238
2203.6 0.318959465
2338.2000000000003 0.361575942
2315.4999999999995 0.463970582
2129.4 0.311865478
2119.3999999999996 0.384274929
2242.4 0.452119333
2256.4999999999995 0.432167653
2319.1 0.348879718
2203.2000000000003 0.424060021
2214.2 0.331335094
2335 0.321079119
2334.4 0.349506356
2179.0999999999995 0.369167316
2264.3 0.457176102
2385.2 0.337595956
2304.6999999999994 0.408856278
2347.8999999999996 0.445348087
2055.5 0.3684932
2114.5999999999995 0.450322372
2278.7999999999993 0.400827247
2323.2999999999997 0.365444747
2371.1000000000004 0.297147896
2391.8000000000006 0.428125908
2171.2999999999997 0.409302813
2425.2999999999997 0.435691591
2378.3000000000006 0.473897748
2105.7 0.36253889
2172.0999999999995 0.390938791
2223.1 0.367549347
2227 0.380790243
2185.5000000000005 0.394535198
2218.1 0.396129286
2170.7 0.376265317
2509.499999999999 0.279251204
2299.7 0.297963196
2269 0.38602909
2281.2 0.600105707
2409.7 0.501663998
2154.7 0.568828083
2315.7 0.649456163
2366.100000000001 0.5518859
2250.8999999999996 0.559178559
2389.5 0.507158421
2196.1 0.463222194
2201.1 0.480926131
2101.7 0.544625847
2385.7999999999997 0.334786061
2219.5999999999995 0.326379045
2244.5999999999995 0.357815519
2125.0999999999995 0.277064276
2291.399999999999 0.339168167
2407.8 0.276929778
2093.2999999999993 0.386993795
2164.4 0.367248138
2329.8000000000006 0.351952743
2285.6 0.308257096
2368.2 0.383333536
2360 0.374401479
2447.6 0.369745577
2207.0999999999995 0.376462526
2168.0999999999995 0.390269005
2286.7999999999997 0.239297222
2129.9 0.276736749
2226.9999999999995 0.404306181
2163.1 0.254222166
2200.2999999999997 0.416329875
2193.9999999999995 0.358889762
2475.7000000000003 0.302711794
2339.9 0.409984022
2303.2000000000003 0.337770476
2326.5 0.360957157
2253.2999999999997 0.331519956
2512.4999999999995 0.387490443
2375.4 0.354373068
2249.7000000000003 0.447958736
2226.2999999999997 0.380093501
2151.5999999999995 0.272219172
2297.4 0.32062222
2215.6999999999994 0.426589835
2318.6000000000004 0.344143358
2193.3 0.41108824
2258 0.372213773
2375.2999999999997 0.30102498
2147.2 0.437983912
2342.1 0.446399049
2250.099999999999 0.270005995
2276.1 0.377238848
2329.2 0.342862692
2243.2 0.392590177
2372.4999999999995 0.463502761
2430.7999999999997 0.333517688
2255.9 0.401016433
2354 0.474790343
2225.1 0.279966378
2055.4 0.343608088
2212.7999999999997 0.325188908
2208.7000000000003 0.317610771
2236.6999999999994 0.292991223
2278.2999999999993 0.405719927
2174.899999999999 0.403214292
2284.2999999999997 0.370166192
2330.999999999999 0.362849986
2401.799999999999 0.378858964
2166.7 0.372425122
2310 0.358146269
2279.7999999999997 0.319132438
2340.4999999999995 0.345567653
2160.8999999999996 0.419415309
2233.9999999999995 0.358049152
2302 0.369683106
2212.5999999999995 0.339339501
2315.2000000000003 0.299341871
2260.9000000000005 0.391517609
2129.4999999999995 0.359015752
2297.4 0.310223458
2433.7999999999997 0.321867629
2164.3999999999996 0.312902654
2167.9 0.319337346
2203.3 0.431923058
2229.5999999999995 0.393000231
2183.4 0.306448938
2103.2 0.364994737
2248.7000000000003 0.331723061
2301.2000000000003 0.381151178
2260.7000000000003 0.37711638
2190.1 0.404144806
2331.7 0.319854071
2364.3999999999996 0.420274009
2404 0.340355488
2137 0.345898958
2353.5 0.341432837
2235.6999999999994 0.430779816
2224.8999999999996 0.370224813
2199.3999999999996 0.368018587
2383 0.405161002
2171.6999999999994 0.417682392
2321 0.353245285
2286.9999999999995 0.40448054
2245.6 0.461624612
2349.299999999999 0.356334876
2287.0999999999995 0.410570998
2215.9999999999995 0.433857937
2082.0000000000005 0.406865609
2188.3 0.367661658
2132.899999999999 0.399956673
2235.2999999999993 0.411630695
2348.2 0.422149777
2336.2 0.496369476
2374 0.321512733
2096.6999999999994 0.395174029
2318.0999999999995 0.473588259
2294.6999999999994 0.367347877
2234.5 0.35180987
2266.099999999999 0.397479931
2370.9000000000005 0.453772433
2168.8 0.410885198
2069.4999999999995 0.373791908
2353 0.446692507
2237.1 0.346216334
2174.6 0.312977005
2119.2 0.320006754
2265.8999999999996 0.344529521
2217.1 0.345294437
2245.5000000000005 0.338641196
2356.9999999999995 0.34302182
2196.7000000000003 0.351407228
2194.9 0.326082565
2063.8999999999996 0.481294117
2246.1999999999994 0.349624645
2185.2999999999997 0.373508538
2240.6 0.373623476
2237.1999999999994 0.472311502
2463.9999999999995 0.354313966
2282.6000000000004 0.328847797
2249.4 0.439320651
2297.3999999999996 0.615635055
2134.2 0.549707728
2221.3 0.520603207
2347.1 0.580027346
2419.4000000000005 0.52569982
2286.4 0.547107681
2396.0999999999995 0.569245664
2278.0999999999995 0.542250453
2294.1000000000004 0.522750276
2318.4 0.436027073
2374.1999999999994 0.400275548
2274.2 0.350792328
2323.9 0.297903964
2008.1999999999998 0.394974731
2320.4000000000005 0.302204345
2043.9999999999993 0.298762861
2295.9999999999995 0.358199739
2297.2999999999993 0.39098456
2258.0999999999995 0.390377507
2377.4 0.436835317
2325.6999999999994 0.357637098
2177.1 0.479498053
2231.1999999999994 0.382350578
2291.6 0.358604305
2369.9999999999986 0.3753148
2234.7999999999997 0.363162013
2232.7000000000003 0.346084212
2289.2999999999993 0.337374207
2223.7999999999997 0.434914521
2281.3 0.42441011
2115 0.45076099
2179.3999999999996 0.373031467
2226.4 0.381821899
2326.7000000000003 0.34537977
2361.7999999999997 0.420445844
2138.9000000000005 0.223146945
2150.5 0.265157792
2394.8 0.313375193
2316.0000000000005 0.319747304
2357.4000000000005 0.437906487
2285.4 0.279284658
2311.399999999999 0.338950262
2278.3999999999996 0.365170125
2411.3999999999996 0.281351138
2269.2 0.330492832
2245.8000000000006 0.343170347
2227.199999999999 0.423950215
2249.3 0.38551435
2158.2999999999997 0.413041679
2218.2999999999997 0.346907009
2163.1 0.37414546
2240.9999999999995 0.42008572
2253.8 0.441374284
2202.7 0.422367532
2184.499999999999 0.326911696
2252.1000000000004 0.425440102
2440.7 0.344533989
2127.8999999999996 0.415249498
2238.8999999999996 0.378010363
2486.3 0.416394138
2293.6999999999994 0.297356487
2239.899999999999 0.37896993
2355.3000000000006 0.404195784
2358.8 0.418426053
2316.8999999999996 0.350054966
2117.5 0.402091082
2174.5999999999995 0.367658571
2452.0999999999995 0.268451835
2135.7999999999997 0.446101923
2360.7000000000003 0.40021228
2342.2999999999997 0.286570875
2254.5 0.383683029
2243.7 0.433976257
2163.2999999999997 0.358049439
2253.7999999999997 0.392438643
2239.7 0.389628717
2351.4 0.391776769
2088.3999999999996 0.362852314
2366.4999999999995 0.374799383
2189.5 0.371165116
2141.8 0.4579842
2088.4999999999995 0.336589541
2206.3000000000006 0.383549446
2229.1 0.386725709
2331.6 0.370752989
2058.7 0.285932926
2406.1000000000004 0.316236334
2415.5 0.428738368
2051.3999999999996 0.339513169
2362.2 0.422110965
2380.799999999999 0.378075534
2196.4 0.415771238
2085.5999999999995 0.336358378
2089.5999999999995 0.412263594
2157.2999999999997 0.28866596
2150.0999999999995 0.46017055
2255.4000000000005 0.378486697
2232.899999999999 0.37639989
2473.7999999999997 0.412442783
2213.2 0.403196297
2198.6 0.440283913
2243.599999999999 0.357135277
2378.5000000000005 0.33617681
2289 0.362399458
2282.7000000000007 0.403322055
2126.2 0.388449832
2394.5000000000005 0.429312991
2353.0999999999995 0.445585603
2060.6 0.352932646
2276.9 0.414374802
2385.4 0.41375633
2196.6999999999994 0.327001898
2377.4999999999995 0.341419925
2342.2000000000003 0.359405531
2460.2 0.377141346
2176.5 0.251735656
2390.499999999999 0.27688613
2275.5 0.366631914
2249.4000000000005 0.362884929
2206.6 0.378079415
2245.0000000000005 0.484225846
2256.7 0.477678608
2324.899999999999 0.422328329
2391.8999999999996 0.288005553
2444.1000000000004 0.380084897
2278.6 0.470439961
2183.2000000000003 0.335075417
2337.7999999999997 0.322648287
2326.2 0.319068654
2235 0.381107923
2387.0000000000005 0.275195473
2281.2999999999993 0.306078143
2284.4999999999995 0.366479179
2240.8 0.364514862
2431.0999999999995 0.423419396
2230.899999999999 0.346356351
2376.1 0.504428157
2297.3 0.603097106
2353.2999999999997 0.530411374
2244.6 0.60785128
2400.0000000000005 0.508388436
2290.1000000000004 0.531920179
2209.6999999999994 0.45001398
2210.8 0.505980815
2161.5 0.645586249
2239.1000000000004 0.610811892
2360.2 0.436749442
2265 0.345934405
2330.4999999999995 0.340107392
2320.2000000000003 0.391645913
2282.6 0.352438599
2410.6000000000004 0.439151739
2275.9999999999995 0.289955153
2173.9 0.302355184
2340.7999999999997 0.39492113
2219.999999999999 0.385777554
2236.8999999999996 0.315633313
2334.7 0.367584088
2023.1999999999998 0.360687655
2402.9000000000005 0.374786513
2310.1999999999994 0.298926226
2091.7999999999997 0.441988009
2239.1999999999994 0.360770828
2287.9999999999995 0.437141505
2369.6999999999994 0.388051327
2335.7 0.312166566
2299.9999999999995 0.390264426
2178.6999999999994 0.342745437
2215.7999999999997 0.384348969
2242 0.395608723
2210.2999999999997 0.330942963
2358.5999999999995 0.424965718
2190.5999999999995 0.383022924
2212.2999999999997 0.361110086
2177.3 0.366836317
2080.9 0.415098883
2280.2 0.299196559
2146.8999999999996 0.390972058
2343.6 0.331722873
2249.9 0.425912275
2124.2 0.345725509
2192 0.345300658
2240.099999999999 0.368651544
2154 0.41556927
2267.7000000000007 0.394696936
2186.5 0.329367922
2127.3999999999996 0.350116566
2339.3000000000006 0.397785268
2339.6999999999994 0.43001827
2206.8999999999996 0.358808533
2012.5999999999992 0.318113119
2208.8999999999996 0.411408254
2138.7999999999997 0.424423791
2289.9 0.392917683
2259.6000000000004 0.422936529
2319.8999999999996 0.475860116
2405.2000000000003 0.331844515
2163.4999999999995 0.304330536
2314.2 0.435099817
2175.6999999999994 0.455917302
2203.5 0.345862871
2291.2999999999997 0.444527471
2306.3999999999996 0.420700326
2291.5999999999995 0.350729584
2118.0999999999995 0.387935478
2333.1000000000004 0.397351018
2314 0.438115568
2280 0.329875346
2195.9000000000005 0.383355912
2242.5 0.411678253
2353.8000000000006 0.381757165
2363.5 0.387962725
2111.0999999999995 0.436726069
2488.9 0.427666571
2305 0.378243879
2347.8999999999996 0.464232412
2272.7999999999997 0.414063933
2401.7000000000003 0.347348941
2245.2999999999997 0.424815639
2214.9999999999995 0.399320956
2238.599999999999 0.390704056
2205.2999999999997 0.40151052
2230.0999999999995 0.431543415
2198.2999999999997 0.467005679
2139.5999999999995 0.329481245
2240 0.431941648
2415.9000000000005 0.329303798
2280.9999999999995 0.365228091
2303.1999999999994 0.371895326
2384.9999999999995 0.351230957
2434.499999999999 0.422519461
2210.3 0.318713193
2225.3999999999996 0.340079832
2379.100000000001 0.340427363
2402.8999999999996 0.400780372
2141.4 0.307148487
2203.4999999999995 0.346155364
2424.2999999999997 0.397901778
2312.2999999999997 0.419694902
2292.2 0.386408865
2319.999999999999 0.44092907
2200 0.387366839
2562.8 0.414684047
2163.3 0.36442094
2220.2000000000003 0.457653628
2364.2000000000003 0.444212998
2280.499999999999 0.396483677
2273.8 0.406481937
2228.5999999999995 0.435599331
2329.8 0.350870843
2300.6 0.46553167
2229.8 0.46762372
2411 0.370463462
2281.7999999999997 0.358373207
2316.2999999999997 0.383878804
2233.8999999999996 0.412731369
2127.8999999999996 0.384586082
2337.7999999999993 0.332803695
2200.4 0.270755269
2232.2 0.393040893
2382.3000000000006 0.374315716
2253.4 0.346713294
2152.2 0.362037301
2420.1 0.379830578
2195.6 0.390597715
2307.7999999999993 0.391142768
2235.2000000000003 0.344650227
2208.9999999999995 0.34366982
2239 0.416954632
2132.7 0.421629189
2330 0.640415607
2444.5 0.453582893
2286.0999999999995 0.510195711
2141.3999999999996 0.527197904
2271.1999999999994 0.418486964
2345.5000000000005 0.543544686
2158.1 0.509845031
2188.7999999999997 0.573688666
2370.7 0.342961776
2173.7999999999993 0.629516307
2353.7 0.559079567
2180.2999999999997 0.482793352
2221.9 0.279691577
2122.5 0.339344977
2288.899999999999 0.422849092
2264.2 0.348935532
2413.1999999999994 0.433617051
2308.1999999999994 0.318006216
2352.9999999999995 0.380517757
2306.9 0.286414404
2075.3999999999996 0.319686429
2401.2 0.255266687
2295.4000000000005 0.397338504
2276.1999999999994 0.338486161
2291 0.44360407
2259.599999999999 0.286859332
2135.899999999999 0.322182317
2287.2 0.299081286
2289.2999999999997 0.274815452
2125.2999999999993 0.331349833
2156.3999999999996 0.300364649
2217.4 0.391958382
2097.8 0.278441944
2393.499999999999 0.426455023
2325.8 0.304381058
2345.6999999999994 0.441399709
2059.4 0.348327617
2397.1 0.356440985
2491.6 0.387972874
2231.6999999999994 0.339527193
2322.0999999999995 0.432410505
2299.899999999999 0.371623626
2164.4999999999995 0.360688951
2368.2999999999997 0.35799062
2490.1000000000004 0.390601489
2184.7 0.264775755
2385.6 0.462948591
2208.1999999999994 0.400514303
2219.299999999999 0.351503938
2144.1000000000004 0.356233581
2222.8999999999996 0.225872553
2387.3999999999996 0.321059833
2149.099999999999 0.438564137
2282 0.382628879
2256.6999999999994 0.361454784
2391.5 0.244132056
2115.8999999999996 0.464818028
2353.8 0.403337238
2203.2999999999997 0.360156236
2215.2999999999997 0.372798434
2334.699999999999 0.362860834
2371.6 0.381512866
2466.7999999999993 0.256278807
2187.1 0.446591024
2351.6999999999994 0.399660898
2321.2000000000003 0.332383607
2329.5 0.368268522
2201.6999999999994 0.245403536
2334.6 0.387730096
2253.6000000000004 0.337793169
2148.4999999999995 0.353197547
2075.2999999999997 0.391929593
2243.8999999999996 0.360395016
2483.7000000000003 0.42328379
2192.7 0.357008807
2063.6 0.391986287
2311.6 0.399480049
2253.5 0.453517662
2256 0.323306598
2159 0.378630645
2356.9 0.373576441
2294.8999999999996 0.410051169
2179.7999999999997 0.343409694
2245.7999999999997 0.431653004
2248.6999999999994 0.320241928
2173.0999999999995 0.399393527
2207.6 0.392810375
2282.9999999999995 0.312647288
2374.7999999999997 0.430551153
2364.099999999999 0.374795557
2260.0999999999995 0.389739291
2120.4 0.36455241
2178.9999999999995 0.348401035
2252 0.363587328
1949.8999999999999 0.43886008
2238.3000000000006 0.388302589
2397.8999999999996 0.436511695
2180.0999999999995 0.337730344
2285.5 0.368811416
2194.1 0.437044766
2339.7 0.426862747
2346.6 0.416527762
2388.2999999999997 0.363936238
2398.5000000000005 0.301525568
2333.7999999999997 0.282190743
2265.3999999999996 0.409099006
2227 0.321363951
2190.7999999999997 0.461945459
2370.5999999999995 0.24287175
2323.600000000001 0.461334157
2376.0999999999995 0.311616083
2170.3999999999996 0.372749453
2236.599999999999 0.381175092
2142.2 0.447522434
2309.5 0.384697749
2286.6000000000004 0.416069396
2322.899999999999 0.36338191
2249.2999999999993 0.419453009
2081.3999999999996 0.385514383
2211.3999999999996 0.324130134
2313.7999999999997 0.369121264
2350.8000000000006 0.294953711
2268.1 0.453953328
2126.4 0.454002731
2245.2 0.438023
2205.9999999999995 0.451130843
2330.6 0.340015705
2165.9 0.482342414
2117.9 0.383622595
2167.2000000000003 0.313541785
2148.9999999999995 0.332552752
2327.2000000000003 0.381907359
2317.1000000000004 0.331325268
2329.5 0.433981016
2258.8999999999996 0.405298918
2357.1000000000004 0.406624978
2252.3 0.384133831
2395.1999999999994 0.441497892
2436.8 0.621128038
2221.6 0.568512522
2334.6 0.6309102
2306.9000000000005 0.646123347
2276.2 0.465553368
2130.2000000000003 0.472360781
2122.8999999999996 0.465665462
2246.2 0.460572013
2264.7 0.516577193
2121.4999999999995 0.399497644
2392.6999999999994 0.428484796
2383.2 0.456713123
2258.2 0.343663494
2146.2000000000003 0.370862037
2190.5999999999995 0.313813795
2263.8 0.354203425
2318.1999999999994 0.404566743
2405.3999999999996 0.265316999
2387.9 0.282587913
2084.5 0.361333477
2169.7 0.372037048
2196.2 0.410443233
2317.4000000000005 0.295220206
2117.4 0.316674873
2260.899999999999 0.390812036
2201.1000000000004 0.388513363
2258 0.297289789
2362.8000000000006 0.3360348
2268.6 0.417237394
2205.6 0.423292221
2199.7000000000003 0.27584755
2216.7999999999993 0.446085521
2363.2999999999997 0.351727872
2212.0999999999995 0.32555005
2245.6 0.335679
2339.9000000000005 0.374795372
2271.7 0.252621515
2425.5 0.394885841
2278.4 0.308347364
2370.2999999999997 0.488823963
2411.8 0.314665661
2088 0.299758965
2238.0999999999995 0.34687141
2280.599999999999 0.379977231
2442.1999999999994 0.357187219
2461.8 0.461539539
2304.9 0.350469646
2243.1 0.283313159
2274.7999999999997 0.315361507
2187.8 0.461964691
2378.3999999999996 0.371239078
2375.2999999999997 0.369192786
2254.2999999999993 0.406200843
2284.7 0.395022555
2359.1000000000004 0.346177192
2443.3999999999996 0.424834468
2091.8 0.43530395
2443.7 0.393871159
2360.600000000001 0.404878382
2253.6000000000004 0.374073659
2107.7 0.435097043
2189.8999999999996 0.462132682
2395.9999999999995 0.367516187
2168.1999999999994 0.381503544
2289.5999999999995 0.459874811
2172.7 0.399690753
2342.399999999999 0.422607336
2174.2999999999997 0.353950752
2280.2000000000003 0.418088466
2198.5 0.428418922
2243.9 0.384752387
2384.4 0.32945712
2113.4 0.346249465
2250.2999999999997 0.461149262
2281.3999999999996 0.341823205
2483.5 0.38501873
2324.499999999999 0.421110019
2297.0000000000005 0.395330402
2249 0.433851714
2354.4999999999995 0.440090751
2136.0999999999995 0.388231664
2237.6000000000004 0.392090788
2272.3000000000006 0.261065203
2157.2999999999993 0.41680429
2381.6999999999994 0.425049582
2365.8 0.362583204
2416.2999999999993 0.383223124
2193.3000000000006 0.358416608
2029.8999999999994 0.376221105
2326.2999999999997 0.400901786
2283.6999999999994 0.401846232
2436.7000000000003 0.333939533
2370.9999999999995 0.302160693
2210.7 0.430729664
2199.5 0.337167389
2282.4999999999986 0.367027992
2444.4 0.310131756
2305.9999999999995 0.429623968
2293.4999999999995 0.382532294
2349.9 0.309036521
2286.2999999999997 0.449757526
2277.5 0.431224235
2278.8999999999996 0.394001704
2118.0999999999995 0.372887893
2549.799999999999 0.280435734
2260.3999999999996 0.380530928
2152.5 0.480922078
2393.8 0.392989005
2133.2999999999993 0.392080755
2356.7999999999997 0.360660548
2119.3 0.335567226
2191.9 0.295465659
2221.5 0.398439916
2274.1 0.348506237
2315.699999999999 0.368042498
2281.4 0.39892034
2271.2000000000003 0.480998646
2235.4999999999995 0.408077554
2322.7000000000003 0.43200124
2262.3 0.388698394
2278.8999999999996 0.338284865
2469.6 0.311595024
2199.4 0.290955202
2179.5999999999995 0.394715963
2287.9999999999995 0.43844823
2396.2999999999997 0.394401819
2532.0000000000005 0.260050033
2344.6999999999994 0.377687854
2405 0.382555105
2388.4999999999995 0.330849603
2426.2999999999993 0.440262703
2348.5 0.343104417
2082.7999999999997 0.269854449
2195.999999999999 0.38376457
2302.7999999999997 0.422578004
2317.999999999999 0.328194325
2205.5 0.594748189
2373.5 0.362699522
2265.9 0.524847613
2343.999999999999 0.452893057
2353.4 0.500401138
2385.4 0.541161334
2237.2 0.427785315
2468.1000000000004 0.417804407
2141.2999999999993 0.375364152
2304.0999999999995 0.571503617
2186.9 0.44557865
2065 0.408700587
2085.9 0.451822075
2458.1000000000004 0.251773293
2388.2999999999993 0.321337414
2272.6 0.361804104
2340.9999999999995 0.392848679
2267.6 0.326954882
2275.0000000000005 0.385901452
2189.4999999999995 0.341235371
2166.0999999999995 0.351227044
2000.1 0.280303963
2183.0000000000005 0.354095113
2274.3999999999996 0.387175491
2354.5 0.369217785
2385.5 0.291299305
2328.7000000000003 0.38107367
2121.1 0.356523628
2250.5999999999995 0.329923112
2368.9999999999995 0.364588335
2215.6 0.410364846
2309.899999999999 0.482033601
2228.499999999999 0.32698846
2206.7000000000003 0.401704169
2145 0.3578389
2243.8 0.330653808
2192.7000000000003 0.312148832
2415.7000000000003 0.353274495
2122.999999999999 0.342306142
2312.5000000000005 0.418833525
2212.3 0.362559966
2206.7000000000003 0.284891224
2160.7999999999993 0.344285082
2237.4999999999995 0.351560424
2160.4999999999995 0.492273702
2385.7 0.398948955
2377.9999999999995 0.406371473
2246.9 0.248696148
2331 0.309591968
2301.4999999999995 0.314703826
2227.2999999999997 0.338345222
2185.7 0.299510511
2417.1000000000004 0.304518463
2233.5 0.335268003
2176.7 0.390720428
2263.4999999999995 0.353522158
2176.5000000000005 0.304286825
2146.2999999999997 0.348724436
2299.5 0.434569932
2430.099999999999 0.304643196
2397.1 0.331549407
2103.2 0.332484465
2377.7999999999997 0.316639584
2320.3999999999996 0.374701583
2236.4 0.466455774
2356.7999999999997 0.373776001
2304.7000000000003 0.363766882
2355.5000000000005 0.299068384
2302.7999999999997 0.330486671
2200.6000000000004 0.368517744
2195.0999999999995 0.389402145
2214.1 0.381942562
2235 0.295920186
2222.2 0.443238724
2320.6 0.391421367
2315.1 0.385924512
2294.1 0.353333445
2319.2999999999997 0.361759428
2322.5999999999995 0.366793382
2449.5999999999995 0.433737234
2385.8 0.357931269
2134.3999999999996 0.337364958
2359.6999999999994 0.454929927
2146.8 0.364993265
2237.2999999999993 0.338510007
2442.9999999999995 0.300051942
2147.3999999999996 0.402942979
2201.2999999999997 0.351554007
2312 0.339932254
2386.3 0.436892236
2464.5000000000005 0.311571921
2259.7 0.442451468
2376.9 0.31963399
2456.0999999999995 0.446902837
2280.8999999999996 0.286204106
2167.5 0.35249758
2387.9999999999995 0.464422283
2239.3999999999996 0.381008185
2307.3999999999996 0.38119661
2340.7 0.378189181
2275.6 0.353371841
2377.7 0.367733978
2286.2999999999997 0.352430278
2148.2999999999993 0.343051027
2182.499999999999 0.428501837
2183.7 0.348200539
2231.7999999999997 0.29838068
2263.2999999999997 0.407850323
2027.8999999999999 0.354739866
2278.2 0.36960594
2368.699999999999 0.400801264
2188.099999999999 0.325663075
2319.999999999999 0.428151902
2389.7999999999997 0.373448923
2154.2999999999997 0.390023624
2190.8999999999996 0.326504769
2345.5 0.488704296
2169.6 0.446914439
2463.3999999999996 0.401399936
2229.0999999999995 0.389322162
2348.2000000000003 0.363588145
2160.2999999999997 0.442374019
2201.899999999999 0.350009946
2387.8999999999996 0.427964272
2112.2999999999993 0.430309509
2329.2 0.447088261
2386.2999999999993 0.462127888
2427.1 0.403903952
2229.6999999999994 0.427751849
2231.2 0.359858887
2280.9 0.442986996
2440.1999999999994 0.347002535
2249.4999999999995 0.355802731
2230.0999999999995 0.38947865
2196.6000000000004 0.43281034
2147.8999999999996 0.307381679
2268.0000000000005 0.365499275
2360.7000000000007 0.396799309
2085.6 0.40183443
2417.7000000000003 0.477761814
2272.5999999999995 0.486114859
2435.2000000000003 0.597980499
2469.0999999999995 0.640803579
2149 0.465200118
2134.3999999999996 0.446538893
2156.0999999999995 0.450957121
2223.1999999999994 0.590858781
2127.0999999999995 0.461772578
2284.7999999999997 0.693393473
2302.0999999999995 0.424413558
2219.4 0.403025213
2212.5999999999995 0.328879349
2212.4 0.344129538
2265.9999999999995 0.369869547
2353.1 0.329397966
2259.099999999999 0.326248425
2147.9999999999995 0.39873068
2264.7 0.360889737
2257.7 0.327518596
2415.4 0.281019909
2245.6000000000004 0.296339882
2334.7999999999997 0.324060446
2330.100000000001 0.36228117
2076.5999999999995 0.321792115
2234.1999999999994 0.395871467
2309.5999999999995 0.331649923
2253.099999999999 0.264350663
2372.2999999999997 0.34922198
2284.8999999999996 0.333267912
2274.9999999999995 0.351661449
2208.5 0.416563592
2333.4 0.441337089
2258.6000000000004 0.389401059
2326.4999999999995 0.300133079
2084.4 0.426592684
2278.8999999999996 0.290280245
2184 0.463044786
2278.9 0.331129904
2161.2999999999997 0.39369815
2072.8 0.368257102
2244.0999999999995 0.409612748
2153.5000000000005 0.349880738
2244.2 0.383242194
2349.5 0.303234803
2282.4 0.400651608
2342.3 0.329051475
2303.5 0.311328139
2210 0.401961495
2254.9 0.403531884
2335.0999999999995 0.39248875
2305.7999999999997 0.39531466
2222.3 0.323641243
2271.2999999999993 0.344820259
2262 0.425156843
2300.1 0.2369148
2213.9999999999995 0.359150239
2159.4 0.374952724
2363.8 0.317447086
2143.6000000000004 0.50844926
2287.599999999999 0.426556446
2236.5999999999995 0.364904094
2258.9999999999995 0.286471727
2222.6 0.43546746
2416.2999999999993 0.415869501
2268 0.322756733
2290.399999999999 0.374660254
2373.0999999999995 0.34139883
2214.2999999999997 0.378583287
2253.1000000000004 0.445058698
2299.7 0.326656313
2240.2 0.38596362
2147.7999999999993 0.318680813
2361.3999999999996 0.389414842
2276.1000000000004 0.362728879
2301.5999999999995 0.338182954
2120.599999999999 0.355302825
2184.3 0.31223933
2280.4999999999995 0.303103433
2281.6 0.304259714
2209.2999999999997 0.405844332
2132.1 0.331949445
2414.1999999999994 0.38162483
2404.6000000000004 0.36905983
2232.2999999999993 0.493217228
2233.1 0.374118503
2305.8999999999996 0.281671316
2203.7 0.37414275
2382.1 0.349610389
2115.8999999999996 0.346909897
2318.2999999999993 0.318126306
2336.4999999999995 0.35830724
2335 0.360075824
2169.0999999999995 0.352600977
2291.7000000000003 0.475099845
2265.4 0.484261875
2304.0999999999995 0.3793813
2349.799999999999 0.341583376
2237 0.471869186
2432.0999999999995 0.334625195
2350.7000000000003 0.421458562
2288.6 0.424300132
2265.5999999999995 0.373561854
2219.2999999999997 0.387125889
2234.4 0.315168111
2426.2999999999997 0.407109304
2328.5 0.501655938
2404.2 0.245271319
2414.2999999999997 0.352614148
2248.5 0.319089776
2437.1999999999994 0.331643645
2133.9999999999995 0.359141625
2346.3999999999996 0.379453977
2258.4 0.367202527
2160.1999999999994 0.397875102
2294.2 0.447888545
2336.9999999999995 0.334418801
2146.7 0.39777849
2339.0999999999995 0.32470655
2198.1 0.411812094
2087.9 0.41988763
2175.6 0.358556152
2192 0.311022727
2252.3999999999996 0.313229254
2234.3 0.322672548
2257.4 0.384194572
2112.3 0.442466928
2117.8999999999996 0.406977048
2301.4999999999995 0.349813356
2311.5 0.487509375
2266.7999999999997 0.434943029
2258.3999999999996 0.452713064
2236.1 0.288881206
2231.2999999999993 0.425291724
2286 0.392863588
2385.3 0.355025591
2113.2999999999993 0.301438734
2093 0.260970613
2340.2 0.357580486
2091.0999999999995 0.596590031
2235.5 0.495614527
2182 0.535966411
2272.7000000000003 0.589683053
2357.2999999999993 0.510501477
2271.9999999999995 0.571834906
2081.8999999999996 0.598821838
2235.9999999999995 0.542750609
2222.7 0.478070934
2379.7999999999997 0.55536696
2320.6 0.390989172
2261.7 0.318482908
2300.7000000000003 0.377696322
2262.5999999999995 0.355187176
2349.1 0.324819989
2185.599999999999 0.340447557
2345.8 0.356610037
2242.5 0.288607689
2227.7999999999993 0.31580083
2280.7999999999997 0.295245598
2417.8999999999996 0.391534239
2314.7 0.324968356
2339.3999999999996 0.290356598
2358.9999999999995 0.384477356
2382.1999999999994 0.337828134
2341.4999999999995 0.39402878
2230.3 0.387583292
2171.7000000000003 0.298899617
2414.2000000000003 0.426258869
2420.2000000000007 0.375926109
2374.2000000000003 0.311760916
2221.5999999999995 0.402223393
2149 0.367850657
2490.4999999999995 0.355450082
2216.8999999999996 0.306617722
2207.8 0.397268635
2167.899999999999 0.357916773
2321.6000000000004 0.342309954
2203.4999999999995 0.346689149
2185.1000000000004 0.409226148
2375.3999999999996 0.356323751
2361.7 0.317450699
2316.2 0.322076906
2291.7999999999993 0.317085604
2247.1 0.412106392
2231.5 0.340370555
2290.3999999999996 0.336566454
2048.0999999999995 0.308880692
2298.7999999999993 0.33466419
2356.399999999999 0.36345413
2225.2999999999997 0.372924159
2172.6999999999994 0.424653158
2190.8999999999996 0.391089062
2229.7 0.354125546
2098.899999999999 0.336958222
2279.6 0.357227661
2363.2000000000003 0.4719887
2403.9 0.388981793
2088.7999999999997 0.403522486
2183.1999999999994 0.472977288
2416.8999999999996 0.298924639
2267.5999999999995 0.324013814
2362.7999999999993 0.41069751
2363.1000000000004 0.365264424
2250.6999999999994 0.338404684
2249.9999999999995 0.392874463
2302.7 0.467542708
2335.3 0.371963488
2517.5000000000005 0.27512375
2324.6000000000004 0.275198986
2374.1999999999994 0.364500338
2223.7 0.274652421
2206.7 0.456150765
2351.1 0.31056856
2154.799999999999 0.499776235
2335.2999999999997 0.339315573
2314.9999999999995 0.4303563
2114.2 0.386778281
2141.6999999999994 0.426574898
2090.4 0.298772049
2280.7 0.383185866
2345.4 0.464343506
2282.2 0.404373654
2128.6 0.36191673
2309.999999999999 0.290445111
2190.7999999999993 0.326616073
2241.8999999999996 0.400804863
2307.599999999999 0.496070676
2096.9 0.436688597
2157.9999999999995 0.346044542
2414.2 0.40480364
2062.999999999999 0.328172617
2132.0999999999995 0.356888778
2456.1 0.326187483
2188.8999999999996 0.44153676
2104.4999999999995 0.530557997
2319.2 0.336365762
2222.2000000000003 0.351161476
2332.7999999999993 0.439705972
2174.6 0.362421913
2469.2999999999997 0.37079446
2250.5999999999995 0.377632523
2072.0999999999995 0.398223743
2269.2 0.401737307
2439.1999999999994 0.409392087
2358.1 0.378185118
2262.9 0.39889986
2193.1 0.44847752
2252.5999999999995 0.453784758
2282.199999999999 0.500618069
2224.4999999999995 0.427682482
2317.8 0.413698312
2336.5999999999995 0.485041411
2273.4999999999995 0.30395563
2241.5 0.395266288
2312.3999999999996 0.36138767
2336.499999999999 0.407324683
2188.5 0.453814522
2270.7999999999997 0.392592429
2301.9 0.379311716
2369.0999999999995 0.338885557
2317.0999999999995 0.446440526
2214.7999999999997 0.372157986
2351.7000000000003 0.415246108
2114.3999999999996 0.35661955
2226.1000000000004 0.400323026
2222 0.395364335
2363.8000000000006 0.357470684
2152.899999999999 0.378936325
2421.2000000000003 0.431344439
2175.1000000000004 0.393062086
2345.9 0.374344742
2374.7 0.456288754
2288.4 0.363000802
2220.2000000000003 0.364751517
2153.2999999999997 0.57406314
2340.7 0.672387553
2232.7999999999997 0.507602642
2259.0999999999995 0.394754142
2220.1 0.471129412
2143.0999999999995 0.542363979
2335.5999999999995 0.454625226
2341.4 0.442668252
2187.2 0.560287087
2405.7000000000003 0.448934943
2303 0.321022629
2272.2999999999997 0.407597901
2337.1 0.443349952
2202.1000000000004 0.389866189
2313.2 0.269492966
2237.3999999999996 0.31232001
2348.7999999999997 0.311580319
2380.9999999999995 0.408354341
2294.499999999999 0.323746212
2297.1 0.328173153
2308.8 0.473723086
2514.2 0.33740972
2370.0999999999995 0.318175871
2201.5 0.293142943
2306.3999999999996 0.313634984
2240.4999999999995 0.284360203
2168.2999999999997 0.328827481
2195.5 0.346182058
2367.6000000000004 0.395372693
2216.4999999999995 0.347120258
2141 0.280196216
2152.9 0.304990172
2293.0000000000005 0.297849077
2473.5999999999995 0.270936161
2431.7999999999997 0.360360267
2200.5 0.358453361
2378.9 0.420821899
2136.2 0.280173267
2111.2999999999997 0.365115323
2314.2 0.405276354
2302.2000000000003 0.456341593
2263.7999999999997 0.274539358
2331.4 0.308250235
2337.4000000000005 0.355551288
2379.7999999999993 0.441153183
2242.5 0.432067342
2416.8999999999996 0.338161369
2339.4999999999995 0.38587989
2263.7 0.349672174
2220.3 0.402999279
2297.6 0.335958027
2309.1000000000004 0.310134668
2114.0999999999995 0.360358545
2213.4 0.31974426
2355.2 0.306215814
2101.6 0.335370097
2213.0999999999995 0.396038151
2205.1 0.382950767
2292.2000000000003 0.374603124
2284.3 0.418679775
2298.8 0.383085844
2302 0.283894153
2456.5 0.330821864
2336.6 0.275900571
2316.2999999999993 0.359017926
2348.7999999999997 0.335358505
2463.3 0.444737653
2261.3 0.38636704
2335.0999999999995 0.290458787
2371.7999999999997 0.389285176
2274.2999999999997 0.339097758
2301.5000000000005 0.381610064
2239.1 0.3856527
2432.799999999999 0.380039507
2183.9 0.399634844
2305.7 0.414520103
2231.699999999999 0.421614895
2186.5 0.396273963
2364.9999999999995 0.370982648
2172.9000000000005 0.357133379
2174.5999999999995 0.388997467
2233.2999999999993 0.387264777
2174.4 0.313703223
2323.7 0.374339157
2478.7999999999993 0.393339169
2256.1999999999994 0.369639686
2139.2999999999997 0.425942691
2378.6 0.460444712
2294.0999999999995 0.339339071
2342.399999999999 0.236036881
2248.8 0.380849384
2183.0999999999995 0.337112409
2230.9 0.382015877
2375.1999999999994 0.398912492
2278.6 0.34585898
2319.999999999999 0.407880461
2387.9 0.325589349
2082 0.355868717
2258.2999999999993 0.437977567
2314.3999999999996 0.457236174
2442.7999999999997 0.361459261
2246.6 0.346560105
2369.7999999999997 0.306451102
2113.8999999999996 0.41094665
2414.7 0.340687921
2396.1999999999994 0.373810139
2233.7000000000003 0.341265653
2324.6 0.312092926
2201.2999999999997 0.41820605
2222.6000000000004 0.296904558
2246.2 0.459642313
2093.8999999999996 0.280475814
2156.3000000000006 0.384274444
2336.7 0.434431157
2347.9999999999995 0.422780234
2290.3999999999996 0.396742197
2083.5999999999995 0.411230402
2195.6 0.442927009
2410.1000000000004 0.2911519
2465.0999999999995 0.348012001
2340.4999999999995 0.338909917
2432.4 0.419577628
2434.7999999999997 0.489303325
2307.6 0.309118256
2233.4999999999995 0.465814872
2229.7 0.355912424
2216.9 0.423725169
2311.5000000000005 0.372514386
2335.899999999999 0.41494935
2337.1999999999994 0.416395407
2338.8999999999996 0.43126746
2358.399999999999 0.362293033
2263.7999999999993 0.506380111
2204.2999999999993 0.43566138
2402.6999999999994 0.389480719
2313.3 0.35914445
2326.7999999999997 0.476243856
2184.7000000000003 0.426786294
2235.1 0.289305457
2167.8999999999996 0.450983043
2370.5999999999995 0.410343432
2431.4999999999995 0.582431562
2388.0999999999995 0.549914253
2330.1 0.418274864
2319.0000000000005 0.519778451
2398.7999999999993 0.584855933
2309.1 0.434438711
2463.5000000000005 0.555040772
2373.9000000000005 0.496072589
2353.5 0.531653622
2204.3 0.382335103
2339.7999999999997 0.256360703
2204.4999999999995 0.328373488
2308.6 0.361497649
2368.7000000000003 0.334559552
2166.0000000000005 0.335968541
2208.8 0.27942058
2238.1000000000004 0.412335249
2237.7000000000003 0.314878847
2437.499999999999 0.322539749
2498.2000000000003 0.377352707
2251.3 0.405014768
2169.6 0.393842955
2261.4999999999995 0.337335312
2436.2000000000003 0.338476206
2322.5 0.341919996
2270.6999999999994 0.327753969
2132.599999999999 0.38521665
2352.6000000000004 0.24706712
2328.3999999999996 0.251580613
2263.7999999999993 0.292290616
2186.9999999999995 0.315641361
2335.699999999999 0.353492812
2359.7 0.318807218
2237.7999999999997 0.363386247
2262.7999999999993 0.426290915
2268.899999999999 0.402157365
2331.9999999999995 0.31590819
2310.2999999999993 0.367492974
2423.4000000000005 0.402675989
2425.8999999999996 0.314831228
2297.8999999999996 0.345000961
2228.9999999999995 0.341644069
2329.1000000000004 0.432315493
2198.8 0.368912137
2152.4 0.330921506
2450.3 0.297015875
2261.8999999999996 0.2760221
2117.7 0.300064445
2351.2 0.357750672
2263.8 0.453393264
2154.7999999999993 0.415589223
2317.899999999999 0.385437085
2203.5 0.398371817
2379.2999999999993 0.33480342
2144.7 0.287729427
2350.2000000000007 0.345202695
2364.8999999999996 0.38183807
2282.7 0.412389463
2218.6999999999994 0.289270653
2267.2999999999997 0.330920786
2458.6000000000004 0.368623019
2288.3999999999996 0.395400398
2017.6999999999998 0.37208064
2177.9999999999995 0.424853738
2354.1 0.392795561
2333.2 0.374452552
2160 0.390998313
2059.6 0.329976572
2238.2000000000003 0.409480529
2211.1 0.269934645
2291.7999999999997 0.358550382
2200.5999999999995 0.401142222
2032.7 0.386979508
2257.5 0.37865603
2196.9999999999995 0.354155139
2081.5 0.385345724
2206.7 0.453028424
2330.9999999999995 0.3799126
2299.6 0.446422006
2343.2999999999997 0.327532597
2327.6999999999994 0.454252255
2387.2 0.375886038
2288.2 0.359034354
2159.2999999999993 0.454253732
2302.8999999999996 0.337653142
2399.1000000000004 0.441939508
2346.9999999999995 0.440868512
2262.3 0.284358508
2181.9999999999995 0.289449774
2264.8999999999996 0.307515816
2313.7999999999993 0.376179698
2213.7999999999997 0.337558438
2154.3 0.406588714
2311.4 0.302657202
2366.1 0.353587534
2249.2999999999993 0.454797383
2133.0999999999995 0.436102598
2200.6 0.296591062
2180.3 0.431073471
2227.1000000000004 0.351910826
2372.2 0.426584567
2356.8 0.421966471
2341.100000000001 0.385110169
2192.7 0.387026177
2181.3999999999996 0.381004738
2216.7999999999993 0.352942131
2335.7 0.389563791
2319.9 0.321816684
2311.8 0.341815168
2203.2999999999993 0.409413826
2039.4 0.440137124
2355.7 0.348409524
2313.9000000000005 0.249276852
2340.599999999999 0.378262839
2287.4999999999995 0.533274016
2234.7999999999993 0.413259275
2094.7999999999997 0.418298288
2488.5 0.401976394
2360.399999999999 0.395462962
2335.2000000000003 0.323642298
2400.3999999999996 0.408083098
2404.3 0.397746836
2356.9999999999995 0.406157946
2293.5 0.269521925
2153.5 0.405961767
2332.099999999999 0.370600844
2226.2 0.28782526
2416.2999999999997 0.302581473
2455.6000000000004 0.367336236
2377.2000000000007 0.423983477
2364.6000000000004 0.360166801
2357.6 0.386018698
2182.4999999999995 0.350057425
2373 0.467469981
2240.2 0.411997946
2350.5 0.423863006
2136.7000000000003 0.435631826
2415 0.499016915
2240.8 0.583081347
2266.9999999999995 0.455333533
2321.8999999999996 0.465340442
2262.2 0.524891364
2406.3999999999996 0.571506413
2259.2999999999997 0.411900792
2081.7 0.568743924
2327.1 0.555472979
2262.7999999999997 0.359870898
2293.4 0.428964922
2335.6 0.468731865
2349.8999999999996 0.331953898
2403.3 0.382407136
2205.2 0.327537213
2277.6 0.321864633
2316.6000000000004 0.4108546
2301.2 0.30841814
2281.1 0.341506036
2425.4999999999995 0.341617984
2222.4999999999995 0.317532308
2397.5 0.304897887
2152.7999999999997 0.250220505
2327.5 0.253429125
2239.9999999999995 0.285384133
2247.8999999999996 0.272252628
2460.7 0.308931399
2394.2000000000003 0.264422853
2371.7999999999997 0.40638446
2255.1000000000004 0.395203664
2247.1 0.344294751
2291.5999999999995 0.361341696
2197.599999999999 0.371481525
2284.6 0.367765969
2191.4 0.353997074
2232.1000000000004 0.307317741
2414.1999999999994 0.323012355
2183.2999999999997 0.324027476
2382.8 0.401774055
2496.399999999999 0.275130445
2059.6 0.362764702
2268.4999999999995 0.399416412
2421.7000000000003 0.410612296
2309.7999999999993 0.375693025
2475 0.409743665
2267.6000000000004 0.437882351
2277.7000000000003 0.37626876
2370.1000000000004 0.264475629
2322.7000000000003 0.364810768
2211.5000000000005 0.403745434
2115.6 0.373472123
2132.7 0.320944442
2268.9 0.443101155
2293.1 0.384636699
2210.3 0.315401773
2194.5 0.279587094
2163.1 0.391880109
2247.5 0.308077871
2268.1999999999994 0.368988299
2145.0999999999995 0.375006864
2335.2999999999997 0.403684953
2370.3 0.357674219
2262.2999999999997 0.208815246
2298 0.454424737
2133.8999999999996 0.382739724
2282.8999999999996 0.343146262
2286.7999999999993 0.377554432
2215.4999999999995 0.39271922
2254.7999999999997 0.298450871
2395.4999999999995 0.397019501
2375.7000000000003 0.446993846
2304.500000000001 0.328454182
2271.0999999999995 0.332178452
2252.3999999999996 0.340479639
2059.7 0.453855478
2290.8 0.368929673
2046.1999999999994 0.408177808
2199.8 0.334240907
2090.899999999999 0.385696687
2288.5 0.460810611
2335.899999999999 0.315808838
2331.499999999999 0.36832903
2383.9999999999995 0.357662333
2349.7 0.349448965
2384.6 0.425551991
2210.6 0.408080132
2372.0999999999995 0.468717838
2149.9000000000005 0.408523913
2344.4 0.385177182
2340.3999999999996 0.368964782
2276.1 0.333577338
2194.5 0.380062613
2284.7000000000003 0.385104588
2303.8 0.397922203
2166.7000000000003 0.347135022
2250.4999999999995 0.319044835
2368.6 0.369120161
2169.4999999999995 0.368685382
2505.2999999999997 0.38154372
2227.4 0.334739041
2367.4 0.363087658
2140.1999999999994 0.334442041
2224.7 0.307148972
2278.0000000000005 0.334995473
2407.2000000000003 0.438757339
2236.6000000000004 0.3293735
2236.399999999999 0.305419391
2396.6 0.350409758
2332.2000000000003 0.31900004
2243.799999999999 0.362065147
2239.399999999999 0.367432164
2337.5999999999995 0.332098147
2268.6 0.353586857
2395.7000000000007 0.361080745
2294.2999999999997 0.383225226
2242.2 0.435529946
2319.3 0.401827019
2237.9 0.384337048
2359.8999999999996 0.340567501
2264.499999999999 0.370474664
2244 0.299214559
2299.5999999999995 0.571007592
2253.6 0.343590224
2290.7000000000003 0.374654213
2047.0999999999997 0.439715221
2198.8 0.307556351
2207.8999999999996 0.296629605
2255.7999999999997 0.339280139
2417.4000000000005 0.423203707
2303.6999999999994 0.431047883
2142.3 0.463342519
2172.8999999999996 0.399496097
2171.7999999999997 0.489872658
2256.2999999999997 0.494859723
2177.4 0.340773634
2169.9999999999995 0.312219228
2253 0.340076673
2175.3999999999996 0.451333261
2271.4999999999995 0.535957544
2269.4999999999995 0.359967985
2213.8999999999996 0.55851446
2317.5 0.387562323
2204.2999999999997 0.447280411
2206.499999999999 0.625083712
2347.3999999999996 0.52821333
2435.3999999999996 0.530133446
2258.2999999999997 0.536952162
2325.2 0.505544677
2295.1 0.533961783
2185.3999999999996 0.546945068
2229.4999999999995 0.443526166
2215.6 0.453686036
2210 0.330239094
2160.4000000000005 0.333641332
2204.3999999999996 0.302368748
2386 0.402649462
2261.2999999999997 0.3428807
2200.5999999999995 0.332127262
2329.1999999999994 0.353481237
2336.9 0.373825974
2438.1999999999994 0.351634757
2235.6 0.293619641
2381.2999999999993 0.332591187
2310.4 0.345924994
2220.0000000000005 0.257307085
2369.7999999999993 0.387744451
2456.1999999999994 0.387898684
2194.3999999999996 0.39584032
2193.0999999999995 0.331696305
2262.4999999999995 0.351172907
2157.1999999999994 0.333252667
2398.0999999999995 0.261323759
2359.6 0.31163861
2317.2000000000003 0.400521082
2185.2 0.368256629
2191.5999999999995 0.33660001
2156.9000000000005 0.292088778
2227.7999999999997 0.27906809
2411.2000000000003 0.381035943
2300.1999999999994 0.410099613
2287.7000000000003 0.357963794
2262.7000000000003 0.2859522
2399.2 0.388550407
2276.2 0.381582349
2180.3999999999996 0.403239374
2285.1 0.410044827
2269.9 0.37035808
2372.3 0.380606334
2394.9999999999995 0.405134222
2455.3999999999996 0.398949976
2269.6 0.440134646
2168.2999999999997 0.336050848
2303.5999999999995 0.324929395
2209.1999999999994 0.347685914
2281.9999999999995 0.279923766
2329.3999999999996 0.326535448
2372.3000000000006 0.299544043
2134.2999999999997 0.441685753
2330.2 0.367755889
2277.9999999999995 0.361001357
2089.6 0.36917259
2180.6 0.32690128
2214.2 0.444799986
2177.999999999999 0.404510261
2252.7999999999993 0.474750866
2432.5 0.361014064
2362.8000000000006 0.403924927
2357.1999999999994 0.378023465
2393.6 0.451642583
2143.0999999999995 0.351365763
2099.7999999999997 0.296978333
2336.1 0.385887508
2269.7 0.466176084
2218.4 0.334425837
2190.1 0.460065283
2366.899999999999 0.368109969
2290 0.484539404
2197.699999999999 0.447398614
2111.1 0.434977079
2130.9 0.37987434
2250.5999999999995 0.344908071
2301.8999999999996 0.322879244
2460.5000000000005 0.327097129
2237.9999999999995 0.314942043
2258.5999999999995 0.338557622
2365.2999999999997 0.25504175
2342.0999999999995 0.383307021
2252.6 0.30539518
2361.2999999999993 0.315077968
2371 0.386930582
2259.7999999999997 0.40120301
2255.1 0.343034132
2120.5 0.304707306
2479.0000000000005 0.380277675
2279.7999999999997 0.326170956
2356.2 0.504862203
2510.7 0.419529761
2253.2999999999997 0.43182973
2325.6 0.441486595
2234.9999999999995 0.428485189
2357.6000000000004 0.3994706
2250.6 0.333755941
2249.5999999999995 0.340240281
2197.5 0.35208626
2325.1 0.353011677
2303.199999999999 0.262053846
2252.5 0.369733511
2300.7999999999997 0.337928758
2362.2 0.455722702
2229 0.328673272
2299.8999999999996 0.401746727
2471.4999999999995 0.371999522
2231.1 0.380286438
2472.2999999999997 0.355069363
2377 0.333969271
2039.0999999999995 0.375771741
2268.9 0.507425254
2357.3 0.373839918
2274.7000000000003 0.397024701
2202.4999999999995 0.457347786
2182.3 0.362048811
2110 0.367278309
2330.0999999999995 0.302711148
2353.9999999999995 0.484205364
2244.5999999999995 0.338799417
2454.999999999999 0.367207015
2272.899999999999 0.336784029
2291.1000000000004 0.324083251
2385.2000000000003 0.447324385
2247.5999999999995 0.423324389
2350.0000000000005 0.314698407
2315.6999999999994 0.419621209
2060.899999999999 0.424880407
2126.2 0.356078604
2337.3999999999996 0.488242439
2289.6000000000004 0.360534727
2378.7999999999993 0.356791268
2470.0000000000005 0.288575957
2354.1999999999994 0.521827825
2185.7999999999997 0.527101941
2288.5 0.509373348
2299.5000000000005 0.626666959
2052.4 0.480986874
2221.1 0.415707045
2297.6999999999994 0.43742443
2296 0.516883881
2244.6000000000004 0.51333673
2335.7000000000003 0.494892154
2200.1999999999994 0.502526271
2191.2 0.344936166
2188.3 0.331608644
2300.6 0.317875134
2324 0.307027263
2129.6000000000004 0.379777058
2326.6999999999994 0.388702134
2330.7999999999997 0.319535759
2234.3 0.375338346
2389.0999999999995 0.326082112
2227.4 0.283754195
2462.2 0.232058699
2253.8999999999996 0.349459292
2182.9999999999995 0.341208077
2386.8 0.291122899
2164.4999999999995 0.386719786
2301.3999999999996 0.320267325
2397.899999999999 0.381238549
2113.2 0.321503169
2212.7 0.344582581
2532.500000000001 0.337303822
2331.4999999999995 0.297540833
2266.2 0.350664439
2346 0.349694923
2369.5 0.355125699
2379.7999999999997 0.424975098
2277.4000000000005 0.407780346
2269.7000000000003 0.372791082
2277.8999999999996 0.382205691
2452.3 0.427520596
2366.1000000000004 0.333683492
2216.4999999999995 0.324934085
2217.4999999999995 0.312136056
2347.6999999999994 0.400695265
2273.1 0.340885453
2243.4999999999995 0.448553434
2213.7 0.389372507
2399.399999999999 0.332220837
2379.2 0.376182434
2468.5999999999995 0.370715102
2150.2999999999997 0.320852985
2196.9999999999995 0.355983315
2176.1999999999994 0.362111278
2232.7999999999997 0.401247384
2266.5 0.252769675
2240.2999999999997 0.476418597
2270.7 0.481277966
2204.4999999999995 0.347735806
2429.4999999999995 0.43202052
2355.3999999999996 0.384955037
2127.5 0.445108398
2361.5999999999995 0.410765275
2382.499999999999 0.295676139
2233.7 0.38412906
2315.1 0.394399046
2277.7999999999997 0.329193022
2304.6 0.385364775
2222.6 0.358475705
2295.7999999999997 0.416698728
2370.7000000000003 0.38427635
2277.5 0.370074924
2339.7999999999997 0.389640573
2130.1 0.308381004
2312.2 0.430704459
2202.9 0.425054461
2317.8 0.349034001
2304.199999999999 0.40415922
2044.6 0.436718335
2354.1999999999994 0.433687057
2307.399999999999 0.385694176
2242 0.358958594
2230.9999999999995 0.417457717
2302.8999999999996 0.385037627
2430.5000000000005 0.283584462
2417.4999999999995 0.414794858
2177.6999999999994 0.343201976
2167.2 0.314046225
2423.999999999999 0.463218512
2291.3 0.326635668
2372.5999999999995 0.340782903
2148.9 0.336948688
2257.7000000000003 0.40463347
2269.0999999999995 0.331754396
2330.1999999999994 0.404989863
2312.2 0.402449108
2235.5 0.381789196
2360.8999999999996 0.304085136
2128 0.479725898
2320.399999999999 0.428137051
2294.6 0.410140362
2367.9 0.424093289
2249.9 0.451379487
2375.4 0.456732414
2287.3 0.325676675
2194.7999999999993 0.358176083
2362.8 0.433596535
2156.6999999999994 0.359726591
2294.1000000000004 0.421099947
2220.7999999999997 0.35536853
2162.0999999999995 0.358122225
2207.7999999999997 0.343468064
2022.3999999999994 0.437997953
2135.8 0.342915366
2249.699999999999 0.396401927
2273.4999999999995 0.349178367
2171.7000000000003 0.34131321
2478.3 0.386316229
2175.3999999999996 0.375181434
2326.7000000000003 0.441333451
2341.7999999999993 0.351732615
2305.6 0.467853905
2244.9 0.375005991
2336.7 0.362000336
2186 0.357564201
2167.5999999999995 0.305439004
2299.4 0.311222965
2222.6 0.314625827
2148.4 0.329182579
2306.2999999999997 0.325773211
2350 0.339002661
2323.7999999999997 0.455116677
2217.2 0.462929613
2219.5000000000005 0.378642554
2220.7999999999993 0.382210326
2232.2999999999997 0.399242054
2198.2 0.394457932
2210.7999999999997 0.275474175
2049.5999999999995 0.292796567
2133.7000000000003 0.411032413
2202.0999999999995 0.606258594
2318.1 0.485741857
2210.7 0.489371168
2232.9 0.553615509
2347.1000000000004 0.507885958
2192 0.413544492
2098.1000000000004 0.48659488
2232.8 0.473243905
2184.1 0.531537308
2415.4999999999995 0.471283891
2441.7999999999997 0.480468593
2224.1 0.370705004
2378.3 0.236289723
2271.3000000000006 0.276158875
2128.0999999999995 0.262127758
2379.9000000000005 0.268391316
2158.2999999999993 0.395413392
2412.8999999999996 0.340432955
2235.0999999999995 0.344875642
2297.8999999999996 0.353335399
2017.6999999999994 0.323014862
2240.8000000000006 0.321423145
2218.2999999999993 0.344616252
2172.899999999999 0.338760069
2397.4999999999995 0.417286266
2191 0.323361248
2094.7 0.379641505
2268.3999999999996 0.34344948
2084.6 0.272994708
2213.9 0.374679291
2351.5 0.363768777
2278.6000000000004 0.432408472
2197.9999999999995 0.304607411
2271 0.36585742
2319.2000000000003 0.318676186
2326.3000000000006 0.415262454
2345.2 0.395601018
2323.8999999999996 0.477780635
2326.7 0.408933942
2218.0999999999995 0.448455393
2261.6999999999994 0.384542834
2348.8 0.37422009
2164.2999999999997 0.429192532
2182.9999999999995 0.376607254
2329.2000000000003 0.339570708
2426.8000000000006 0.385812317
2375.3 0.284092414
2119.8999999999996 0.345030369
2271.6 0.398450231
2352.5000000000005 0.37028166
2131.1999999999994 0.311477789
2196.9999999999995 0.384544381
2442.5000000000005 0.397597488
2245.7999999999993 0.25318935
2416.8 0.392737499
2271.399999999999 0.446471554
2318.7 0.402031107
2033.2999999999995 0.32275486
2340.100000000001 0.426537984
2230 0.446026974
2184.6 0.38934845
2383.1 0.319428056
2257.9999999999995 0.379508979
2093.7999999999997 0.394774489
2184.0999999999995 0.314844628
2304.7000000000003 0.348204302
2223.5000000000005 0.368380433
2116.6 0.313768942
2494.7000000000003 0.288792526
2397.7999999999997 0.404733029
2148.6999999999994 0.419997015
2299.599999999999 0.360345429
2214.7 0.256045015
2208.3999999999996 0.45271853
2292.6 0.405234549
2397.0999999999995 0.323533389
2200.7 0.43905217
2251 0.442673393
2378.7 0.41768945
2262 0.369797194
2234.2 0.421988259
2245.8999999999996 0.390054903
2291.0000000000005 0.392682811
2136.8999999999996 0.409655198
2271.8999999999996 0.297148573
2217.0999999999995 0.379946736
2278.5 0.386715754
2228.9 0.241262615
2098.4000000000005 0.357467658
2448.9999999999995 0.392531309
2314.6 0.327224963
2108.0999999999995 0.373014921
2142.7999999999997 0.325885895
2174.1999999999994 0.393872692
2209.6000000000004 0.364060343
2116.1 0.40862371
2177.7 0.421042005
2138.7 0.364149065
2431.6 0.410111701
2290.7999999999997 0.297864181
2251.2000000000003 0.388531719
2292.0999999999995 0.427872582
2211.2 0.35030669
2276.2999999999997 0.370417625
2334.8000000000006 0.297271896
2452.2999999999997 0.343304488
2394.5000000000005 0.421805871
2410.6000000000004 0.372470667
2218.8 0.356166132
2437.999999999999 0.425380839
2198.8999999999996 0.322222327
2317.3 0.326242721
2125.7 0.306737613
2237.2 0.416142508
2352.499999999999 0.332089252
2323.4 0.435773373
2219.6 0.330207626
2123.2999999999997 0.494739811
2461.9999999999995 0.383895492
2397.7999999999997 0.451341893
2077.4999999999995 0.360593339
2130.3 0.440458088
2319.7000000000003 0.314167188
2217.5999999999995 0.340643091
2302.2000000000003 0.418426675
2274.7999999999993 0.403836874
2329.4 0.419828487
2140.5 0.441488194
2208.3999999999996 0.371224393
2262.899999999999 0.335178049
2356.5000000000005 0.358327019
2023.0999999999997 0.410979986
2261.7999999999993 0.461591843
2201.8999999999996 0.309221225
2081 0.296644722
2250.4 0.425945695
2372.2999999999993 0.276638057
2169.1999999999994 0.346223472
2288.9999999999995 0.534244794
2160.3 0.534434539
2329.7999999999997 0.508352488
2148.8999999999996 0.580234899
2311.9 0.49431236
2222.3999999999996 0.447897511
2197.4 0.434276427
2202.9 0.496435639
2322.6000000000004 0.479330226
2408.6 0.470555489
2335.1999999999994 0.52057196
2299.1 0.447054294
2213.0999999999995 0.338890518
2354.8 0.322478482
2251.5000000000005 0.392819587
2258.100000000001 0.241969335
2315.9 0.290607332
2201.7000000000007 0.406502369
2230 0.406391614
2198.9 0.301541865
2376.7999999999993 0.383550698
2355.6 0.427743948
2350.6999999999994 0.26858577
2346.7 0.338445101
2326.499999999999 0.525537333
2294 0.35466015
2306.899999999999 0.317002183
2305.0999999999995 0.294201098
2185.4 0.339384531
2206.5 0.384823125
2239.0999999999995 0.387745326
2251 0.450323648
2362.1 0.383796762
2267.3 0.313477498
2224.7000000000003 0.435501809
2336.8999999999996 0.288168784
2193.8 0.421279212
2358.5000000000005 0.322726382
2285.5 0.44668618
2149.3999999999996 0.331811242
2195.4 0.373255513
2328.3 0.42030733
2186.7 0.343751757
2225.6 0.359006977
2310.4 0.33187426
2192.9999999999995 0.349996901
2246.9999999999995 0.334294633
2183.7999999999997 0.428311949
2180.6 0.330842842
2381.1 0.458764373
2391.6 0.294361461
2107.3 0.329994097
2316.2000000000003 0.35422849
2438.5999999999995 0.449106186
2349.6 0.279735242
2282.399999999999 0.47211264
2405.2 0.253631665
2157.7999999999997 0.341286395
2255.3 0.285810841
2224.9999999999995 0.430733888
2462.4999999999995 0.409861148
2263.4 0.367519864
2100.7000000000003 0.445608241
2401.699999999999 0.348005636
2336.999999999999 0.375699205
2213.4000000000005 0.333496657
2285.1000000000004 0.358564386
2272.2999999999993 0.394951652
2252.6 0.399492164
2476.8 0.367412057
2252.2000000000003 0.362409646
2330 0.436787876
2314.8000000000006 0.349381005
2089.8 0.285011035
2497.4000000000005 0.395381934
2307.6 0.43069175
2074.3999999999996 0.413743549
2326.1 0.413411863
2171.4999999999995 0.305509862
2348.6 0.42717639
2185.6 0.356667362
2244.9 0.472237025
2074.6 0.324694548
2123.2000000000003 0.398912349
2299.4 0.375768716
2261.500000000001 0.394248444
2265.2999999999997 0.375271732
2150.2000000000003 0.352462216
2313.2 0.392708019
2339.8 0.461593399
2202.3 0.382409278
2145.1 0.379471627
2349.0999999999995 0.348708871
2152.2999999999997 0.409046022
2262.9 0.385706615
2405.9999999999995 0.420910791
2392.2999999999997 0.413950079
2363.7 0.349425745
2232.2999999999997 0.465381424
2200.4 0.356787098
2232.7999999999993 0.414708205
2208.7999999999997 0.402065332
2315.1000000000004 0.322453284
2265.8000000000006 0.444003733
2212.8999999999996 0.36394415
2333.5000000000005 0.43604765
2248.8999999999996 0.401734338
2265.4 0.393001997
2309.7999999999993 0.258025559
2104.7999999999997 0.370920444
2146.1 0.353581936
2193.5 0.372871188
2305.4 0.328323158
2337.9 0.297203866
2253.7999999999993 0.365894888
2268.6999999999994 0.41993876
2160.1 0.295070704
2492.5 0.42859348
2139.7999999999997 0.442105612
2239.7999999999997 0.383612874
2293.600000000001 0.32697019
2425.7999999999997 0.333583541
2371.3999999999987 0.417630232
2213.6 0.390439381
2234.3999999999996 0.400942519
2207.6 0.332247925
2355.2 0.426696865
2261.5 0.3809611
2204.5999999999995 0.338661347
2312.399999999999 0.412466231
2303.3999999999996 0.343355147
2140.4999999999995 0.396341931
2292.7 0.425344116
2289.9999999999995 0.371527984
2361.6 0.410721984
2322.5999999999995 0.424388202
2306.0999999999995 0.28432956
