2242.399999999999 0.546496769
2511.8999999999996 0.559177838
2355.8999999999996 0.689000224
2531.7999999999997 0.569528653
2352.2000000000003 0.489648673
2299.3999999999996 0.543688295
2214.9999999999995 0.419907206
2460.2000000000003 0.487289576
2490.5 0.477484038
2338.6 0.538569829
2407.9999999999995 0.462433154
2380.1 0.352842664
2385.2000000000003 0.458574191
2471 0.409025903
2251.7 0.455529893
2431.4 0.326924758
2392.2999999999997 0.378277812
2405.9999999999995 0.368550963
2414.2 0.354015736
2419.2999999999997 0.265631043
2313 0.352908202
2304.499999999999 0.42516558
2492.5 0.336001586
2422.6999999999994 0.32460248
2458.1 0.408759141
2355.4 0.31738728
2443 0.381554581
2238.7000000000007 0.318906102
2432 0.349838854
2357.3 0.314587251
2438.3 0.377305712
2525.1 0.270873878
2537.6999999999994 0.261973157
2239.2999999999997 0.337537638
2283.399999999999 0.323029113
2265.7999999999997 0.3572269
2470.7999999999993 0.355217646
2411.7000000000003 0.45493378
2350.0999999999995 0.355442645
2314.1 0.473375089
2406.3 0.411203984
2483.6999999999994 0.421290131
2399.1999999999994 0.365904114
2258.4999999999995 0.369516147
2299.5 0.338320213
2452 0.430461078
2419 0.335517498
2470.5999999999995 0.35880484
2373.1000000000004 0.425573109
2455.499999999999 0.337856404
2212.4 0.321300026
2073.1 0.410898485
2432 0.352074396
2412.2 0.349583634
2406.8000000000006 0.44708825
2360.8999999999996 0.348939787
2466.7999999999993 0.305489989
2458.2000000000003 0.288640649
2513.6999999999994 0.419599523
2316.4999999999995 0.305037383
2249.3 0.306616578
2415.8 0.342571808
2495.1 0.305727583
2332.5 0.396497227
2435.8999999999996 0.351505869
2380.7000000000007 0.323932034
2475.7999999999997 0.295805061
2549.1000000000004 0.424651975
2377.7999999999997 0.329394248
2333.2999999999997 0.267310755
2488.3999999999996 0.338097865
2422.9999999999995 0.382414699
2308.7999999999997 0.387881732
2397.7999999999997 0.321678833
2385.5 0.412787233
2304.6999999999994 0.35465458
2378.0999999999995 0.364054003
2350.699999999999 0.359283286
2232.6999999999994 0.410490964
2440 0.479185162
2400.4 0.341890679
2335.8999999999996 0.418956406
2474.2999999999993 0.330507047
2221.7 0.381206514
2365.8 0.493969125
2600 0.43741343
2448.2999999999997 0.472356265
2390.5 0.457027244
2271.7999999999993 0.428060121
2317.3999999999996 0.369321783
2234.0999999999995 0.459071384
2320.7999999999997 0.361679829
2526.2999999999993 0.472129698
2400.8999999999996 0.354270354
2401.0999999999995 0.422222299
2310.2999999999997 0.466855987
2372.3 0.426352499
2403.2 0.336884986
2482.3999999999996 0.458144281
2223.6 0.356687408
2490 0.525347792
2455.3000000000006 0.554507816
2423.1999999999994 0.447166773
2340.9 0.47273863
2592.1 0.365320997
2326.4 0.445063544
2313.7 0.452097801
2253.899999999999 0.420453129
2358.6 0.452174776
2256.9999999999995 0.456377768
2409.5 0.491161979
2346.399999999999 0.448989802
2452 0.444469536
2350.6 0.406385469
2565.5 0.350152252
2407.999999999999 0.399591691
2383.2 0.458958053
2535.0999999999995 0.363900857
2317.7000000000003 0.390798693
2503.1 0.306803802
2417.4 0.445945716
2254.1000000000004 0.455043504
2402.5999999999995 0.483704305
2289.9000000000005 0.365408543
2448.7999999999997 0.395624791
2345.0000000000005 0.477475763
2282.6999999999994 0.259528209
2430.6999999999994 0.388961361
2430.4000000000005 0.355181427
2488.8000000000006 0.374184073
2536.1 0.350244034
2338.1000000000004 0.409937901
2303.2 0.510640999
2589.2999999999993 0.443956348
2389.2 0.402411164
2492.0999999999995 0.517454746
2529.8 0.358660812
2329.6 0.635783744
2408.399999999999 0.537329276
2416.1 0.646294242
2370.2999999999997 0.690665479
2433.9 0.507790841
2335.1 0.439495005
2457.0999999999995 0.450645108
2488.4 0.456172444
2301 0.582985541
2447.4000000000005 0.432901826
2560.2 0.412651364
2491.1000000000004 0.442263062
2378.5 0.306966142
2354.5000000000005 0.298627264
2550.3999999999996 0.431823975
2477.5 0.323855287
2367.2999999999997 0.37101566
2309.6999999999994 0.318265475
2420.9 0.360221533
2307.1999999999994 0.311765818
2571.7999999999993 0.403001653
2422.9000000000005 0.340911381
2520.499999999999 0.336918755
2233.999999999999 0.439114511
2532.5 0.265690893
2545.9 0.25450603
2407.5 0.336834634
2413 0.343539331
2510.4000000000005 0.347426533
2429.500000000001 0.327333289
2494.3999999999996 0.382394332
2260.7999999999997 0.338020274
2349.499999999999 0.350331692
2527.2 0.363086873
2418.5 0.373289306
2402.6 0.327855156
2364.4999999999995 0.375686929
2518.7999999999997 0.386187492
2526.6999999999994 0.332615834
2334.2999999999993 0.341934562
2568.2 0.338949416
2320.8 0.417384563
2180.2000000000003 0.302185988
2439.7999999999997 0.324116277
2501.7999999999997 0.389436987
2383.8999999999996 0.478238832
2328.1 0.293403725
2364.1999999999994 0.347981455
2468.2000000000003 0.406523481
2516.7000000000003 0.401102033
2228.1 0.430933198
2384.2999999999997 0.433946997
2446.6 0.403780867
2593.1000000000004 0.392874342
2426.1999999999994 0.375324394
2397.5000000000005 0.439907601
2334.9000000000005 0.405220674
2228.7000000000003 0.369214618
2337.2999999999997 0.31958915
2351.3999999999996 0.338973143
2388 0.424137521
2405.4999999999995 0.367616878
2424.7000000000003 0.323345231
2478.5000000000005 0.504288281
2368.2 0.388293333
2424.9 0.384161894
2344.9999999999995 0.342210053
2370.2999999999993 0.311218238
2193.4999999999995 0.415795298
2386.7000000000003 0.294482036
2419.5999999999995 0.396815486
2545.2 0.413521535
2327.0999999999995 0.413497417
2387.1 0.424158822
2374.9000000000005 0.384029055
2433.2000000000003 0.357074728
2262.7999999999997 0.328728183
2358.9 0.425208114
2401.4999999999995 0.352899824
2477.9 0.288902475
2503.7000000000003 0.303592448
2275.6 0.437485946
2416.3999999999996 0.279699066
2408.7 0.451549036
2378.2999999999993 0.352301991
2329.7000000000003 0.426458985
2464.8999999999996 0.303807179
2385.7999999999997 0.333549553
2309.2 0.472379274
2431.0000000000005 0.352638457
2466.4999999999995 0.436452509
2352.5 0.285964917
2418.7999999999993 0.388934152
2429.199999999999 0.394143236
2245.4 0.240291628
2338.4999999999995 0.429002793
2214.2 0.359185012
2351.7999999999993 0.311483321
2354.8 0.269571947
2284.399999999999 0.463531968
2364 0.399620158
2456.5 0.310514747
2207.7999999999993 0.401019872
2375.1 0.367529483
2315.1999999999994 0.403325727
2165.7000000000003 0.33630412
2570.7000000000003 0.488126365
2292.9 0.431437011
2449.2 0.44651388
2464.4000000000005 0.35190752
2422.1 0.421439698
2485.4 0.531205634
2481.6999999999994 0.390408474
2535.6 0.362781157
2539.3 0.365487083
2405.3999999999996 0.400319047
2498.9 0.491651687
2544.7999999999997 0.399568905
2404.3999999999996 0.493705056
2552.0000000000005 0.305755641
2299.7 0.405803506
2454.9 0.327699368
2494.8000000000006 0.342355535
2319.4999999999995 0.465084843
2289.8999999999996 0.362029761
2319.6 0.291796469
2419.2000000000003 0.388436937
2397.6 0.363697308
2457.9000000000005 0.474617978
2494.3 0.367942087
2409.4 0.389711072
2476.2000000000003 0.33776334
2428.7 0.322291757
2288.3999999999996 0.475097173
2442.9 0.337326297
2435.7000000000003 0.47211577
2345.399999999999 0.354382039
2304.9 0.542385249
2485 0.430631519
2321.2999999999997 0.602122648
2479.7000000000003 0.473619752
2411.4 0.416802283
2446.8 0.559127218
2557.6999999999994 0.519449977
2446.2999999999997 0.461529609
2491.899999999999 0.405952372
2315.2 0.524581675
2459.4 0.417315965
2441.4 0.662533765
2480 0.416484385
2463.7999999999993 0.511363376
2411.8000000000006 0.374338702
2460.6 0.377350334
2590.5 0.333053053
2401.0999999999995 0.244301094
2560.2999999999993 0.389613591
2458.6999999999994 0.397612924
2494.1000000000004 0.335336984
2383.099999999999 0.304318736
2306.5999999999995 0.316510436
2392.7 0.429956766
2385.4 0.340813061
2551 0.315350337
2270.1 0.347793474
2514.7999999999997 0.338860627
2421.0999999999995 0.296424172
2460.7999999999997 0.342291756
2426.4999999999995 0.403402807
2497.7 0.430139439
2364.3 0.335984442
2223.1 0.368824826
2462.5 0.314057307
2506.3999999999996 0.370413969
2440.2999999999993 0.270860079
2529.7000000000003 0.346326466
2439 0.463173968
2207.1 0.375237926
2458.3999999999996 0.293079154
2415.3999999999996 0.344855864
2554.7999999999997 0.429023536
2201.7000000000003 0.375579302
2558.7 0.406765834
2374.4 0.444111416
2470.0000000000005 0.38614064
2502.7999999999997 0.312792823
2562.6 0.26474167
2504.0999999999995 0.38304618
2470.0999999999995 0.230103587
2281.8999999999996 0.361793495
2435.6 0.336743965
2443.4 0.44211928
2405.7000000000003 0.480767006
2418.5 0.369476807
2569.3 0.39459479
2497.7999999999997 0.390902906
2088.2 0.35633866
2461.8 0.402996497
2388.7 0.339451189
2356.399999999999 0.327302464
2410.1 0.431041395
2369.399999999999 0.418386741
2438.7 0.322434745
2319.6 0.351098606
2427.4 0.392946697
2416.0000000000005 0.361258962
2454.2 0.41257631
2349.9 0.362804903
2619.9999999999995 0.311506204
2395.6 0.331517208
2537.9 0.319838705
2173.2999999999997 0.33459466
2495.7999999999997 0.395245873
2346 0.296171842
2443.8000000000006 0.402914093
2427.7999999999997 0.38638404
2429.099999999999 0.254900299
2610.2000000000003 0.497296
2303.600000000001 0.389246094
2391 0.368155668
2351.9 0.375150951
2307.2 0.357611949
2642.2999999999993 0.329744722
2430.5999999999995 0.368859941
2367.7 0.328012249
2415.2000000000003 0.495636993
2542.5 0.405838471
2287.2000000000003 0.500589067
2476.6999999999994 0.397665926
2543.2999999999993 0.397286026
2337.6 0.381237791
2499.7000000000003 0.480055764
2236.6999999999994 0.428293531
2557.899999999999 0.439727295
2381.899999999999 0.446303163
2255.7000000000003 0.344498299
2352.9999999999995 0.341691305
2492.3999999999996 0.336720114
2406.8 0.474435842
2428.8000000000006 0.377973591
2266.8999999999996 0.379100578
2359.6 0.412430255
2371.9999999999995 0.372623138
2358.2999999999997 0.409921622
2271.8999999999996 0.430269829
2465.2 0.417430798
2334.7999999999997 0.309382275
2573.2 0.42157245
2426.2999999999993 0.332954773
2490.499999999999 0.451231883
2260.6999999999985 0.311213205
2489.6999999999994 0.406865921
2382.2 0.369466997
2352.2 0.343216898
2477.7 0.454129803
2511.8 0.306301095
2395.5 0.399811799
2332.0999999999995 0.362358772
2341.4 0.38265153
2475.7000000000003 0.298523914
2274.8999999999996 0.401983659
2331.7999999999993 0.387365947
2346.6 0.353777828
2369.8 0.396065497
2463.2999999999997 0.445119487
2390.2000000000003 0.417629852
2322.8 0.355065402
2407.3 0.395547487
2480.5999999999995 0.323251242
2397.7999999999993 0.520725756
2405.6 0.37100622
2348 0.399856079
2362.7999999999997 0.432698621
2412.5 0.444899045
2335.8999999999996 0.335186059
2453.1000000000004 0.405398667
2295.8000000000006 0.374686329
2413.1 0.553691276
2671 0.588542232
2566.4000000000005 0.510606371
2399.1 0.662591219
2468.0000000000005 0.59974166
2270.5000000000005 0.489347885
2328.6 0.634514551
2275.3 0.55025717
2452.5999999999995 0.541286159
2370 0.485476583
2372.6 0.591735892
2514.4000000000005 0.400060683
2422.5000000000005 0.53323556
2370.399999999999 0.397402839
2424.3999999999996 0.324832539
2319.7 0.344382722
2374.1999999999994 0.400287399
2349.9 0.247307111
2194.2 0.255030237
2505.5 0.420965106
2391.5999999999995 0.356777712
2495.6 0.298309195
2471.5999999999995 0.355836384
2477.0999999999995 0.345526069
2364.4 0.367569719
2345.2000000000003 0.346525328
2486.7 0.39274179
2327.9 0.322634461
2445.9 0.320694294
2534.5999999999995 0.273467785
2437.6999999999994 0.307555842
2445.2999999999997 0.313248874
2344.6999999999994 0.285864798
2352.9 0.324060945
2386.4 0.355483433
2474.0000000000005 0.272430502
2210.4 0.417129647
2256.0000000000005 0.308906539
2329.2000000000007 0.319396093
2530.7000000000003 0.355733797
2461.0000000000005 0.470078708
2353.4 0.452890869
2561.7999999999993 0.287373225
2268.8999999999996 0.435857549
2284.9 0.284289539
2425.7 0.369361881
2372.1 0.367823733
2333.6999999999994 0.385434831
2130.2 0.390675151
2269.8 0.346831474
2474 0.344675375
2491.9999999999995 0.354439381
2453.0000000000005 0.430967303
2506 0.539752141
2333.3999999999996 0.357701206
2290.5999999999995 0.301680029
2449.9999999999995 0.394658196
2386.5000000000005 0.369776853
2389.6 0.320163115
2370.4 0.292993255
2387.0000000000005 0.326363179
2355.9999999999995 0.39317936
2258.9 0.399298994
2416.2999999999997 0.291567625
2515.8999999999996 0.37411024
2386.6999999999994 0.400935362
2423.4000000000005 0.408904605
2457.9999999999995 0.372512089
2240.9999999999995 0.348549142
2417.2000000000007 0.46962088
2280.2 0.345949395
2378.7999999999997 0.392775079
2500.3 0.415926843
2528.7999999999997 0.305618073
2272.5999999999995 0.349745782
2377.2999999999997 0.453777511
2333.499999999999 0.40120448
2501.4 0.391119571
2479.6 0.406004821
2380.5 0.416802487
2277.4 0.631271853
2274.8999999999996 0.388840627
2311.6999999999994 0.416257096
2252 0.436171005
2411.9999999999995 0.467397243
2378.8 0.367947919
2298.399999999999 0.343765727
2423.4 0.407161589
2382.8 0.3618007
2498.6000000000004 0.412778448
2304.8999999999996 0.500065451
2434.6 0.481260107
2528.1 0.306884159
2375 0.430947712
2552.4 0.27534352
2660.2999999999993 0.384238378
2593.3999999999996 0.386413222
2463.5 0.488115586
2478.1999999999994 0.388470472
2330.2999999999997 0.505087608
2291 0.322533572
2353.1999999999994 0.386930113
2538.000000000001 0.384040292
2218 0.315764979
2365.3999999999996 0.336457079
2478.9 0.415342562
2436.0999999999995 0.338104435
2400.7000000000003 0.361959034
2541.6000000000004 0.368483318
2300.1 0.421372
2201.9 0.337423223
2398.7999999999993 0.316860225
2340.6000000000004 0.396197518
2398.2999999999993 0.421202732
2350.0999999999995 0.490869407
2440 0.440895149
2328.4 0.331474831
2379.6999999999994 0.38907259
2450.0000000000005 0.363836767
2623.5 0.420314712
2514.9999999999995 0.467192399
2655.1 0.36592186
2442.9999999999995 0.418980685
2402.2999999999993 0.399193857
2473.7000000000007 0.402424736
2294.4 0.448446052
2385.9 0.391015252
2393.6000000000004 0.404653926
2417.6 0.33983248
2225.6 0.392693116
2533.5 0.450777448
2455.3 0.424682891
2302.4 0.396079223
2389.6999999999994 0.347759836
2287.9 0.431119367
2341.1000000000004 0.481654596
2492.5999999999995 0.605481721
2366.6000000000004 0.373018298
2517.4000000000005 0.490424701
2330.8 0.527580342
2328.5999999999995 0.500491127
2495.1999999999994 0.588276672
2438.3 0.56960646
2505.2000000000003 0.503429426
2390.4999999999995 0.486465564
2395.4999999999995 0.589788025
2327.5 0.581527896
2445.2 0.480276048
2401.699999999999 0.417316523
2359.7 0.383818376
2448.7000000000003 0.389000112
2480.6 0.348684388
2540.8 0.320205774
2265.5 0.29130096
2523.2999999999997 0.322980071
2568.6 0.271168426
2493.1000000000004 0.378685894
2311.1 0.265819573
2592.4000000000005 0.275444238
2396.9999999999995 0.379242268
2425.5999999999995 0.381628693
2573.4999999999995 0.408863077
2435.2999999999997 0.318762742
2274.1 0.40953531
2546.3 0.404328
2223.6000000000004 0.419794144
2472.399999999999 0.440430982
2528.2000000000003 0.334893022
2436.1 0.350001226
2373.2 0.332139605
2444.9 0.348565272
2399.2 0.49468553
2565.9 0.276715179
2461.4999999999995 0.291545845
2492.5999999999995 0.3910873
2522.2000000000003 0.34449341
2494.8999999999996 0.339142893
2358.7 0.429861044
2379.7999999999997 0.446232332
2422.7 0.377628519
2598.6999999999994 0.345450165
2523.1999999999994 0.369330949
2319.5999999999995 0.31652393
2323.599999999999 0.353543092
2480.8999999999996 0.453622059
2202.0999999999995 0.441368549
2342.7999999999997 0.392152041
2427.5999999999995 0.429653652
2372.9999999999995 0.264869086
2449.1000000000004 0.418089109
2473.899999999999 0.371734798
2487.0000000000005 0.376030634
2381.3 0.342890792
2461.9 0.417657162
2397.7999999999997 0.300695019
2455.6 0.395975633
2260.8999999999996 0.375542547
2431.9999999999995 0.375594375
2396.7 0.354108557
2316.8999999999996 0.381099413
2503.3 0.50937454
2517.8999999999996 0.394689972
2377.8999999999996 0.361087335
2319.0999999999995 0.383425382
2482.1 0.334354949
2284.0000000000005 0.384210173
2511.0000000000005 0.370958964
2427.7000000000003 0.372686135
2682.6 0.295770522
2416.1999999999994 0.428793111
2296.9999999999995 0.351326269
2476.000000000001 0.362403402
2269.2999999999993 0.359510724
2286.0999999999995 0.333136502
2540.1 0.366083279
2476.3 0.346337212
2078.2 0.499254479
2372.1999999999994 0.374290903
2539.2000000000003 0.343795953
2477.4999999999995 0.413093906
2424.7 0.425765973
2498.8 0.488455044
2478.2 0.47451753
2537.600000000001 0.332962104
2516.999999999999 0.376969027
2470.9999999999995 0.441470094
2429.8 0.335512893
2356.3 0.372617988
2496.8000000000006 0.320989174
2334.1 0.300823809
2483.699999999999 0.327948633
2269.4 0.46758508
2565.4999999999995 0.286139403
2342.2999999999997 0.282159015
2360.9 0.362185652
2449.3 0.33145351
2341.7999999999993 0.494671114
2468.5 0.356611885
2547.3 0.433667757
2452 0.340705031
2524.999999999999 0.339198405
2231.7999999999997 0.386287312
2370.8 0.354731271
2267.2999999999993 0.311846792
2453.6000000000004 0.424001565
2264.9 0.35210845
2342.5 0.381432869
2449.6999999999994 0.383766013
2387 0.447019108
2502.899999999999 0.268890904
2597.7000000000007 0.421588004
2415.6999999999994 0.41302741
2464.3999999999996 0.418581568
2460.1000000000004 0.408422551
2605 0.395812077
2368.8999999999996 0.499094012
2218.7999999999993 0.332497441
2382.2999999999993 0.399574991
2295.6000000000004 0.35967089
2212.3 0.398570181
2408.0000000000005 0.397020857
2440.4 0.492673233
2439.4 0.404445321
2344.7999999999997 0.398992726
2365.3 0.404268936
2518.5000000000005 0.31674455
2412.5 0.273460204
2366.499999999999 0.412727288
2657.3000000000006 0.386948757
2244.9999999999995 0.333870123
2487.9999999999995 0.363519981
2348.3000000000006 0.326195863
2523.2999999999997 0.464133471
2349.8 0.386369077
2560.1 0.569151764
2437.7000000000003 0.647020725
2378.9 0.569259811
2481.0000000000005 0.496547304
2439.5000000000005 0.531908176
2449.5 0.372771336
2523.100000000001 0.463423862
2318.7000000000003 0.454496697
2529.5 0.57768234
2485.6 0.630264952
2553.9999999999995 0.386008199
2305.0000000000005 0.516223546
2333.6 0.556264479
2452.6999999999994 0.41491645
2346.1999999999994 0.33069489
2462.4 0.331530612
2430.7000000000003 0.407371786
2372.0000000000005 0.419248061
2352.899999999999 0.333154656
2342.5 0.422864278
2487.6000000000004 0.375454549
2389.3999999999996 0.264723474
2527.2 0.426800912
2361.8999999999996 0.387269572
2557.5 0.391556463
2463.9999999999995 0.35114054
2406.7 0.407069484
2277.5999999999995 0.309126592
2238.600000000001 0.431614283
2352.4 0.358246735
2228.2000000000003 0.20141759
2516.2999999999997 0.294209594
2413.5999999999995 0.352291019
2225.0999999999995 0.356598881
2286.2 0.279034576
2160.399999999999 0.288946855
2438.9999999999995 0.304595745
2349.3 0.376798557
2267.7 0.370843179
2498.8 0.383275589
2452.7 0.281231125
2459.8 0.360224386
2397.4999999999995 0.403495013
2494.4999999999995 0.433332963
2261.1 0.332178496
2316.9 0.430445469
2296.1999999999994 0.342263882
2544.3999999999996 0.260940662
2440.2 0.394286193
2439.4 0.293535876
2525.8 0.298640748
2597.5 0.332888337
2445.0000000000005 0.466587089
2518.1 0.301149105
2448.999999999999 0.408127269
2595.5000000000005 0.240475392
2430.5999999999995 0.379101352
2414.0999999999995 0.322036857
2426.899999999999 0.378515987
2369.7 0.380155955
2570.5 0.299355509
2396.2 0.38484857
2372.1999999999994 0.426833134
2322.2999999999997 0.372085441
2448.2000000000003 0.375316778
2376.0000000000005 0.368639737
2394.6000000000004 0.359259053
2279.1 0.2915166
2122.3999999999996 0.39456803
2338.9000000000005 0.347992427
2472.2999999999997 0.345662569
2492.3999999999996 0.362308045
2355.0999999999995 0.362313511
2368.3 0.358112014
2389.3999999999996 0.413921243
2621.4999999999995 0.391207797
2495.8999999999996 0.314785287
2314 0.405855228
2509.3 0.34110654
2564.7000000000003 0.505850078
2376 0.368592245
2472.2 0.422581228
2463.5 0.404468547
2444.1 0.491268755
2537.2999999999993 0.585254495
2446 0.485599123
2439.1999999999994 0.349843398
2458.0999999999995 0.478486185
2492.9 0.429408437
2475.2999999999997 0.307964894
2562.8999999999996 0.36027109
2252.7999999999997 0.472093592
2250.5999999999995 0.452160148
2501.2999999999993 0.418484836
2342.6999999999994 0.402812372
2214.4999999999995 0.397209143
2260.4 0.369448791
2428.0000000000005 0.441725701
2449.2999999999997 0.376677304
2504.2999999999997 0.382146292
2528.9 0.503164994
2308.9999999999995 0.388871872
2477.6 0.441145079
2329.7999999999997 0.482452103
2381.600000000001 0.358882994
2557.9 0.391711715
2277.8999999999996 0.380051929
2444.4 0.371466657
2447.7000000000007 0.385317643
2393.4 0.386709743
2500.8999999999996 0.420442538
2464.5 0.348156976
2398.2999999999993 0.579361496
2499.3999999999996 0.446429962
2342.0999999999995 0.343681679
2651.1 0.286323561
2417.6999999999994 0.414663822
2280.6 0.338047721
2483.3999999999996 0.332328844
2420.7 0.327805467
2380 0.40244531
2280.7999999999997 0.294360374
2449.3 0.383983546
2354.6 0.366495842
2353.9 0.474683686
2470.0999999999995 0.349929715
2398.1000000000004 0.374532492
2332.2 0.349726302
2410.2 0.359639195
2526.2999999999997 0.331714394
2430.1 0.377463777
2377.5999999999995 0.46957106
2364.5 0.455457637
2525.4999999999995 0.394796562
2365.7 0.348873931
2386.3 0.532962567
2356.9 0.328295579
2422.2 0.347283941
2515.1000000000004 0.424564634
2470.1 0.352694885
2555.8 0.664327563
2489.1 0.542695385
2520.9999999999995 0.564554
2491.1 0.4962897
2357.3999999999996 0.461300067
2557 0.515411096
2574.7999999999997 0.441750759
2326.9999999999995 0.434805062
2511.8 0.506499654
2170.4 0.476023894
2470.2 0.481991099
2412.1 0.409746745
2443.3999999999996 0.417312785
2232.0999999999995 0.416952471
2363.4999999999995 0.318294713
2310.5 0.322150383
2495.6 0.341507559
2386.3999999999996 0.353561722
2473.3 0.325410888
2387.6 0.40043434
2424.5 0.265651264
2366.2999999999993 0.473145522
2427.7 0.376293886
2185.2 0.412377272
2498.3999999999996 0.327837735
2616.2999999999993 0.324740437
2289.7999999999993 0.445685492
2485.3 0.389722952
2305.3999999999996 0.311540563
2615.2999999999993 0.388073746
2334.5 0.34013758
2547.2 0.2710969
2363.7000000000003 0.371005692
2509.5 0.392934711
2399.1 0.3113726
2463 0.349988842
2597.4999999999995 0.441419247
2392.7 0.281970006
2333 0.384886304
2605 0.386854028
2615.7 0.304669065
2439.6 0.397529188
2472.7999999999997 0.331332572
2265.8999999999996 0.347727243
2333.7999999999993 0.328414044
2445.1999999999994 0.307024465
2278.6 0.394987806
2371.2999999999993 0.371342206
2335.9000000000005 0.449206713
2291.2 0.38943599
2369.7999999999997 0.422801027
2328.6 0.427122787
2436.2999999999993 0.410934222
2414.9999999999995 0.30886542
2452.9 0.341406948
2519.1999999999994 0.357021828
2497.7999999999997 0.350360342
2469.6999999999994 0.348654842
2416.9000000000005 0.461086297
2425.7000000000003 0.346474257
2553.1 0.306995678
2373.1999999999994 0.379317339
2316.3999999999996 0.358144937
2586.1 0.340026732
2369.0999999999995 0.401943165
2448.2999999999997 0.366219548
2506.7999999999993 0.41282485
2536.2999999999997 0.313140393
2438.6 0.363514888
2359.3999999999987 0.376496994
2462.5999999999995 0.232257592
2499.1 0.36741017
2351.1 0.380525502
2437.7 0.2783075
2355.5000000000005 0.433570599
2505.7 0.43025456
2291.899999999999 0.426629879
2311.9 0.326138553
2420 0.359962201
2175.8 0.379085481
2558.899999999999 0.423113217
2511.2999999999997 0.490929663
2545.5999999999995 0.336824836
2223.3999999999996 0.356225872
2312.2 0.443796548
2380.2 0.491439387
2564.5999999999995 0.383097877
2348.0999999999995 0.370372407
2225.1000000000004 0.434749162
2561.7 0.467807542
2412.3999999999996 0.52876481
2387.6 0.370274881
2621.7 0.398357707
2418.2999999999997 0.39428798
2441.1 0.325761558
2447.4000000000005 0.443041407
2477.7 0.376598737
2263.8 0.485281252
2269.2999999999993 0.431395148
2325.1999999999994 0.446086426
2358.3999999999996 0.307119327
2345.8000000000006 0.441691233
2347.8999999999996 0.509977839
2274.7999999999997 0.396838774
2482.5 0.378274071
2446.7000000000007 0.295560284
2419.6000000000004 0.368757651
2312.1 0.30076726
2255.9 0.397075232
2452.1000000000004 0.42305548
2302.5999999999995 0.400261151
2462.8999999999996 0.498613669
2417.2999999999993 0.308050036
2377.9 0.367144215
2253.8999999999996 0.310342078
2399.1 0.424441595
2400.1999999999994 0.405088279
2631.5999999999995 0.353477409
2354.7 0.367838892
2435.7999999999993 0.394676285
2494.500000000001 0.375246113
2509.7000000000003 0.322802264
2415.1000000000004 0.289256622
2392.3 0.391016457
2350.5 0.250212942
2410.4000000000005 0.346372055
2394.2999999999997 0.372176577
2435.0999999999995 0.46248954
2666.9 0.319222405
2547.2 0.311393763
2435.2 0.407665533
2382.3 0.394220718
2236.5999999999995 0.261892557
2360.2 0.436170091
2559.600000000001 0.421138673
2436.4000000000005 0.497930298
2553.4999999999995 0.342656472
2419.7000000000003 0.479050614
2414.2 0.593235986
2500.8 0.450556512
2408.999999999999 0.513640529
2259.6 0.558244911
2260.5999999999995 0.367068659
2601.5000000000005 0.518754665
2406.399999999999 0.311420519
2542.0999999999995 0.553877555
2210.9999999999995 0.381148574
2323.5000000000005 0.561909843
2409.2999999999993 0.599856512
2456.7999999999997 0.563032537
2347.899999999999 0.445639827
2421.3 0.377568207
2479.6999999999994 0.280742672
2350.5999999999995 0.329876665
2517.9999999999995 0.26033211
2498.1999999999994 0.316724973
2450.2000000000003 0.388260642
2381.7 0.320240552
2442.9999999999995 0.266053174
2424.1999999999994 0.398754419
2537.7000000000007 0.302221976
2477.3999999999996 0.27627293
2346.5999999999995 0.313422181
2353.6 0.336479462
2479.9999999999995 0.380211373
2436.3 0.361306428
2525.1999999999994 0.385006057
2403.2999999999997 0.428956172
2442.4999999999995 0.332638567
2435.9000000000005 0.327768997
2457.1 0.360351166
2400.6 0.309504131
2523.9 0.433078866
2523.6 0.341344989
2322.7999999999993 0.320650437
2390.3999999999996 0.395625302
2315.7 0.356562669
2451.6 0.346786769
2465.0999999999995 0.416986721
2429.6 0.40067622
2415.7999999999993 0.358544687
2402.3 0.362430725
2186.8999999999996 0.345524635
2482.7 0.427170019
2413.8999999999996 0.429126949
2400.6 0.39982476
2345.5000000000005 0.393153941
2489.7 0.361291114
2383.3 0.288362987
2280.3999999999996 0.375464402
2371.7999999999997 0.384608612
2553.7000000000003 0.414333892
2504.7999999999997 0.439676215
2271.8999999999996 0.400378619
2482.2000000000007 0.389222158
2459.2999999999997 0.289335086
2413.2999999999997 0.45822915
2333.2999999999997 0.393638081
2498.4 0.351027362
2401.3999999999996 0.42710532
2440.399999999999 0.364194493
2418.7999999999993 0.352978351
2340.2000000000003 0.315895274
2500.3999999999996 0.372670662
2475 0.485985402
2505.1 0.377290061
2401.1 0.424015456
2286.3999999999996 0.432446656
2511.999999999999 0.376646468
2462.4 0.388182198
2494.9 0.393032416
2441.199999999999 0.401729527
2488.7000000000003 0.313751456
2320.1000000000004 0.277036963
2557.7999999999997 0.268954058
2079.6 0.419284028
2360.8999999999996 0.373909387
2431.9 0.413843133
2404.5999999999995 0.461551846
2307.4999999999995 0.43143117
2482.7999999999997 0.537386202
2468.7 0.578528152
2419.3 0.437419247
2341.5 0.428462814
2454.6000000000004 0.327945664
2391.6 0.515545154
2266.2000000000007 0.401485788
2494.1 0.391534866
2406.5 0.421001286
2380.9 0.365484761
2472.9999999999995 0.364436668
2425.899999999999 0.422136957
2267.1 0.399469854
2435.3 0.45985903
2476.8 0.404525289
2559.7999999999997 0.417238328
2461.6 0.425305685
2527.2000000000003 0.360065502
2338.2 0.406775869
2416.7999999999997 0.379512058
2427.4999999999995 0.510077991
2269.9 0.319916313
2347.7 0.438133447
2396.5000000000005 0.409622377
2522.2 0.316878035
2443.899999999999 0.355720052
2510.2999999999997 0.475717739
2457.2999999999993 0.362671142
2509.599999999999 0.342067789
2509.2000000000007 0.40718169
2346.499999999999 0.40076244
2631.5 0.274337161
2502.0999999999995 0.460216646
2423.3 0.300426056
2420.1 0.35277152
2256.199999999999 0.38403385
2184.2 0.44754072
2417.2000000000003 0.415906027
2279.3 0.378824597
2319.899999999999 0.386972195
2309.7999999999993 0.387761066
2359.4999999999995 0.340237946
2440.1999999999994 0.398965884
2274.2 0.41893252
2506.2000000000003 0.50669536
2347.7000000000003 0.377045937
2393.2999999999997 0.352362083
2347.7999999999997 0.52137009
2433.2 0.415115979
2398.9 0.419553005
2676.5000000000005 0.386716051
2484.3 0.450612925
2395.099999999999 0.377954708
2471.1999999999994 0.599425944
2472.1 0.597797539
2318.6999999999994 0.657381103
2492.9 0.522277572
2489.1999999999994 0.62286863
2273.2000000000003 0.542645003
2231.6 0.426499741
2369.1000000000004 0.513258332
2348.2 0.475208982
2404.1999999999994 0.576380826
2337.4999999999995 0.594334164
2401.6 0.46449966
2539.9 0.393596048
2339.1000000000004 0.392757167
2405.7 0.339709208
2445.6999999999994 0.310908523
2333.9999999999995 0.296242002
2475.6000000000004 0.370031681
2334.5999999999995 0.33004659
2374.6999999999994 0.331154181
2268.7999999999993 0.401355447
2358.3 0.295465642
2327.1 0.344122147
2264.7999999999997 0.276001257
2434.8000000000006 0.310814324
2387.4999999999995 0.365929688
2452.7 0.399413132
2380.5000000000005 0.392719678
2484.8999999999996 0.313937632
2483.1999999999994 0.312184965
2480.0999999999995 0.353488821
2508.3 0.299668768
2360.0999999999995 0.300243308
2375.6 0.291504454
2486.1999999999994 0.292981777
2317.8 0.363666352
2520.1 0.375314279
2240.7 0.403046566
2407.4 0.354398455
2532.7999999999997 0.389140882
2399.5 0.329094076
2590.9999999999995 0.333806398
2506.4999999999995 0.375993918
2332.5999999999995 0.416729239
2363.8999999999996 0.463309233
2347.5 0.295692413
2388.9999999999995 0.286944046
2479.0999999999995 0.351711037
2450.9999999999995 0.306107977
2521.0999999999995 0.336806513
2501.5000000000005 0.383348683
2500.5 0.347499745
2450.7 0.400831355
2295.9999999999995 0.345792752
2455.6 0.416937275
2502 0.382882367
2388.1999999999994 0.379916744
2459.199999999999 0.361806822
2458.8999999999996 0.298531713
2302.2999999999997 0.407468647
2575.2000000000003 0.363047845
2387.499999999999 0.345370675
2326.6000000000004 0.468716183
2413.6000000000004 0.301301555
2420.899999999999 0.392720218
2444.2000000000003 0.381133507
2334.1999999999994 0.326484083
2425.600000000001 0.36987497
2372.4 0.477961017
2308.3999999999996 0.310151446
2528.8 0.339606364
2388.4999999999995 0.353214799
2395.0999999999995 0.404266157
2358.3999999999996 0.358011354
2416.6000000000004 0.252371423
2574.8999999999996 0.424309358
2364.899999999999 0.322850398
2329.7999999999997 0.325531962
2486.1999999999994 0.399983087
2375.0999999999995 0.408408598
2616.5999999999995 0.453032651
2348.599999999999 0.418605931
2494 0.373774871
2549.7999999999997 0.5786099
2483.3999999999996 0.337958384
2297.8999999999996 0.462560363
2386.7 0.407487789
2599.3999999999996 0.527575493
2413.5 0.474759235
2384.6000000000004 0.39752572
2333.2999999999997 0.339548682
2479.2 0.444060754
2295.5999999999995 0.388046559
2360.7 0.368720052
2312.7000000000003 0.455316571
2459.7999999999993 0.387405047
2305.3000000000006 0.340778567
2376.1999999999994 0.351462372
2573.8999999999996 0.304103431
2392.1000000000004 0.341171433
2321.3 0.30903513
2609.7 0.422902164
2303.2000000000007 0.414719933
2403.7000000000003 0.346465301
2215.7999999999997 0.266097025
2472.7999999999993 0.300938384
2289.1 0.329258353
2338.7000000000003 0.443818203
2451.7999999999997 0.354582463
2405.499999999999 0.396300835
2328.2000000000003 0.379921292
2212.0999999999995 0.364936077
2470.6 0.408071417
2370.5 0.365194729
2565.2 0.385050217
2430.7999999999993 0.427597303
2455.5 0.374045225
2214.699999999999 0.365097492
2444.2000000000003 0.413467114
2390.3000000000006 0.403124528
2464.399999999999 0.427251631
2114.2000000000003 0.472458082
2339.0999999999995 0.463071427
2236.7000000000003 0.460004865
2549.6 0.541912367
2414.6 0.384158257
2606.3 0.402717957
2465.5999999999995 0.454205839
2302.3 0.424819859
2279.7999999999997 0.461657483
2457.2000000000003 0.349870971
2309.899999999999 0.471794625
2455.600000000001 0.401717645
2360.8999999999996 0.394710028
2625.0999999999995 0.357747388
2373.7000000000003 0.355189322
2288 0.376399623
2358.9000000000005 0.368590635
2346.2000000000003 0.48881132
2543.4 0.475906084
2472.9000000000005 0.607099138
2384.9 0.656463226
2556.4999999999995 0.485508358
2510.100000000001 0.522373748
2404.1000000000004 0.623790509
2446.5 0.425138523
2296.4000000000005 0.458570031
2471.8000000000006 0.659449007
2599.2 0.424358203
2273.1999999999994 0.69023654
2406.6 0.55812326
2417.2 0.482779509
2330.3999999999996 0.378884581
2491.8999999999996 0.355798375
2392.9999999999995 0.364859631
2464.4999999999995 0.340137862
2426.9 0.540540404
2496.8 0.348535781
2347 0.328886631
2535.5999999999995 0.365753001
2378.9999999999986 0.323509572
2273.3 0.419969853
2265.2999999999997 0.266455734
2485.1999999999994 0.391406337
2475.5000000000005 0.412615037
2531.8 0.327000664
2286.1000000000004 0.395808294
2527.5999999999995 0.313583048
2675.2999999999993 0.325402273
2332 0.293448731
2470.4000000000005 0.368606652
2512.7000000000007 0.356529837
2446.899999999999 0.289548523
2521.3999999999996 0.37539293
2333.8 0.394298004
2251.6 0.314707232
2608.7999999999997 0.294255345
2408.1 0.344031984
2361.5999999999995 0.221514198
2445.499999999999 0.359191715
2296.6999999999994 0.273846742
2287.2999999999997 0.316562181
2327.2 0.299622617
2379.6 0.359525972
2335.3999999999996 0.299547746
2504.2999999999993 0.365267295
2288.3999999999996 0.390066634
2415.1 0.348335456
2344 0.299394906
2342.4999999999995 0.338290678
2349.2000000000003 0.324590007
2532.3999999999996 0.577589322
2503.7999999999997 0.396508356
2365.7000000000007 0.40191531
2390.2 0.446635719
2337.3 0.367247151
2339.7000000000003 0.344050101
2422.2 0.344362763
2229.8 0.341479846
2389.7999999999997 0.282886912
2367.7999999999993 0.382560832
2520.699999999999 0.371828824
2274.1 0.378659226
2407.999999999999 0.452150106
2410.5 0.385553829
2424.5999999999995 0.47958775
2403.4000000000005 0.428820416
2600.3999999999996 0.423677156
2488.6 0.26580956
2348.6 0.261392505
2391.100000000001 0.326676231
2473.2 0.319357554
2498.9999999999995 0.328162006
2344.9 0.345977868
2383.8999999999996 0.461326013
2388.6 0.380062545
2538.9999999999995 0.343411282
2501.1 0.419258825
2507.9 0.396729714
2642.9000000000005 0.489778298
2335.9 0.373791483
2356.8 0.392341353
2445.7000000000003 0.328257294
2405.4000000000005 0.471053055
2199.6999999999994 0.369692272
2290.6 0.453495405
2382.3999999999996 0.420072619
2399.0999999999995 0.311324713
2498.7000000000003 0.40288584
2425.6 0.432844379
2459.399999999999 0.34776486
2486.7999999999997 0.573423992
2373.5000000000005 0.356201475
2393.499999999999 0.353131236
2334.3999999999996 0.486868825
2548.3 0.382027227
2366.7 0.48355008
2560.7000000000007 0.33463799
2231.6 0.3813436
2426.4 0.40976168
2448.3 0.329999526
2396.7999999999997 0.335436193
2353.4999999999995 0.437821497
2368.8999999999996 0.453788975
2404.1 0.400829562
2343.5999999999995 0.423792159
2369.0000000000005 0.402011454
2423.4 0.356250753
2545.2000000000003 0.380691934
2510.600000000001 0.334736752
2527.2000000000007 0.382013711
2531.8000000000006 0.577937745
2380 0.424789045
2425.0999999999995 0.439007888
2431.9 0.30944347
2465.4999999999995 0.482621141
2344.4999999999995 0.461296395
2345.4 0.449296912
2476.0000000000005 0.39209466
2400.399999999999 0.356175642
2364.1000000000004 0.452270913
2395.4 0.430499194
2296.4999999999995 0.415427386
2514.899999999999 0.31045736
2377.0999999999995 0.366312434
2400.7 0.387001096
2519.4999999999995 0.386634908
2549.0999999999995 0.459791654
2354.5000000000005 0.353708953
2321.6999999999994 0.430814901
2344.5000000000005 0.438362526
2527.7 0.265387976
2297.7000000000003 0.350254859
2269.9000000000005 0.359415981
2488.8999999999996 0.51838406
2524.7 0.529854393
2331.399999999999 0.591813409
2458 0.597589777
2512.4 0.509528332
2439.899999999999 0.45832839
2445.9999999999995 0.663257543
2405.0999999999995 0.420918268
2348.7999999999997 0.517949666
2447.6999999999994 0.467580192
2325.5999999999995 0.592017454
2388.6 0.557814349
2475.4000000000005 0.50071553
2459.8999999999996 0.408531547
2198.6 0.368481181
2470.1 0.369310693
2520.8000000000006 0.273839039
2323.6 0.327623803
2557.9 0.347662082
2510.3 0.301831314
2588.999999999999 0.392961484
2340 0.421905456
2277.9999999999995 0.341280014
2281.6000000000004 0.275824541
2503.9999999999995 0.365372421
2437.3999999999996 0.380957894
2476.0000000000005 0.242950333
2299.3999999999987 0.339680553
2462.9999999999995 0.417471811
2387 0.375031689
2521.2000000000003 0.362474748
2289.5 0.364032678
2283.9 0.309491939
2435.4 0.236638441
2512.8999999999996 0.409304185
2355.4999999999995 0.442024126
2601.6 0.323352046
2360.8999999999996 0.293111325
2478.3999999999996 0.395585708
2355.2999999999997 0.307661229
2386.1000000000004 0.402494906
2545.7 0.34473091
2465.7 0.342563339
2480.7999999999997 0.282292846
2640.5 0.29231082
2386.9 0.33042958
2379.8 0.399499676
2397.099999999999 0.383555817
2200.4 0.417635479
2537.1000000000004 0.431052887
2368.1 0.403730151
2236 0.244355356
2600.2 0.425479065
2545.3000000000006 0.409589726
2391.7000000000003 0.411669696
2314.7999999999993 0.391440622
2445.7000000000003 0.350751387
2444.9 0.297611881
2308.6 0.443024843
2485.2000000000003 0.33414631
2382.4999999999995 0.395818441
2503.2999999999997 0.398419236
2401.5999999999995 0.424074212
2391.2999999999997 0.393103805
2486.2000000000003 0.361081735
2536.5000000000005 0.392067222
2302.8999999999996 0.303420211
2455.2999999999997 0.450731702
2419.8 0.374869679
2211.5999999999995 0.312064964
2472.1000000000004 0.338951245
2358.5999999999995 0.416863083
2532.2999999999997 0.396790478
2393.2999999999997 0.322729878
2392.100000000001 0.323462467
2537.6 0.40033363
2424.2999999999993 0.241927325
2310.9 0.429079989
2590.7999999999993 0.329539442
2513.0999999999995 0.431461237
2462.7 0.30719616
2544.3 0.307284668
2470.0000000000005 0.332957561
2556.2 0.432384944
2396.3999999999996 0.405518316
2339.2000000000003 0.362294817
2485.1 0.411725013
2257.2000000000003 0.487982962
2211.5 0.471836017
2294.6 0.416563515
2456.799999999999 0.336405003
2512.6 0.301488243
2465.3000000000006 0.477986431
2331.7999999999997 0.347163079
2596.3999999999996 0.515323533
2365.8 0.370022017
2449.3999999999996 0.295535095
2502.4000000000005 0.32447542
2458 0.411498333
2370.2999999999993 0.360981208
2203 0.339458857
2370.7000000000003 0.436249178
2446.4 0.356930129
2468 0.396851312
2469.1 0.372503332
2439.6 0.479163895
2523.8000000000006 0.324223087
2639.8 0.386968152
2448.0999999999995 0.422525207
2545.599999999999 0.387905369
2161.2000000000007 0.3583161
2401.1 0.314945844
2240.9000000000005 0.500619237
2198.2 0.492348993
2294.500000000001 0.424306505
2579.1999999999994 0.262186348
2449.399999999999 0.395226697
2433 0.28561416
2387.2000000000003 0.43910952
2483.2000000000003 0.384030187
2412.0999999999995 0.358787716
2479.1 0.405789298
2377.5 0.529878151
2514.2999999999993 0.429709948
2355.6 0.37795559
2408.2999999999997 0.318838865
2468.7 0.303758916
2340.9999999999995 0.402431864
2269.999999999999 0.314367751
2333.1 0.385560695
2313.5 0.317560376
2523.2999999999997 0.387601759
2301 0.330269356
2367.5 0.542582192
2488.7000000000003 0.409232694
2479.1 0.295561012
2473.899999999999 0.454228197
2319.9999999999995 0.406177433
2435.6 0.340542734
2520.5 0.571424987
2248.2 0.411152507
2421.9999999999995 0.572962291
2429.7999999999997 0.537223926
2501.9000000000005 0.651114064
2392.7 0.368667331
2445.2999999999997 0.536341821
2336.7 0.454780416
2440.7000000000003 0.42473995
2347.4 0.531333232
2365.6000000000004 0.54878034
2472.9 0.510853225
2315.6 0.508532201
2503.8000000000006 0.364686602
2452.8 0.464594526
2444.600000000001 0.263386522
2521.4999999999995 0.367587137
2594.3999999999996 0.322479728
2370.5 0.319172404
2496.2000000000003 0.38589612
2400.1 0.307672172
2467.4999999999986 0.360403402
2604.5 0.440736713
2522.1 0.35858738
2435.7999999999997 0.324543092
2592.9 0.454913348
2459 0.319011632
2527.1 0.265658111
2462.1 0.306401034
2429.8999999999996 0.299095029
2543.6 0.246537889
2473.8999999999996 0.448372583
2431.2000000000003 0.350328427
2515 0.363697142
2502.3000000000006 0.4474546
2383.7000000000003 0.304991223
2410.2 0.420921553
2552.899999999999 0.302176867
2400.1999999999994 0.357389908
2353.3 0.413334715
2381.2 0.363983412
2487.5999999999995 0.362665957
2419.2000000000003 0.407893094
2349 0.391528595
2386.2 0.288216576
2504.2999999999993 0.376917028
2205.3999999999996 0.345632774
2386 0.314613917
2463.4999999999995 0.361818746
2240.6999999999994 0.299634242
2433.5 0.233720516
2491.000000000001 0.314495253
2249.6 0.338978592
2415.4 0.428063777
2608.3999999999996 0.445108328
2353.2 0.37556466
2295.2000000000003 0.329348776
2390.9 0.378933739
2388.7 0.435031853
2494.0999999999995 0.403144918
2430.9999999999986 0.490376236
2301.1 0.316777977
2547.6999999999994 0.39199823
2304 0.34579419
2266.7 0.442135178
2415.6000000000004 0.399299869
2525.2999999999997 0.341265512
2411.9000000000005 0.315791428
2496.8999999999996 0.474895731
2401.1000000000004 0.361480371
2424.2999999999993 0.333325109
2415.7999999999997 0.394041902
2462.5999999999995 0.269903763
2422.8999999999996 0.415326357
2436.4999999999995 0.460235327
2562.2999999999993 0.410436766
2462.6 0.373021654
2450.5999999999995 0.336732374
2371.999999999999 0.390959575
2300.6000000000004 0.330962168
2316.9 0.36723924
2377.4 0.383964381
2515.7000000000003 0.389302144
2382.6999999999994 0.364286132
2409.6 0.360753631
2564.3999999999996 0.470859197
2333.5 0.463055727
2408.3999999999996 0.480234959
2219 0.324138714
2411.9 0.392546701
2324.7999999999997 0.383643782
2330.8 0.398803132
2297.7 0.359844211
2361.2000000000003 0.306044862
2283.2999999999997 0.347111453
2318.8999999999996 0.378278239
2388.9999999999995 0.347610319
2472.7000000000003 0.441790105
2438 0.333149597
2383.3999999999996 0.433133122
2304.4000000000005 0.400689051
2331.7000000000003 0.496504275
2388.1000000000004 0.429217363
2427.1 0.423531286
2570.0999999999995 0.325340794
2318.9999999999995 0.331364365
2434.8 0.394315662
2400.5 0.374691385
2409.2999999999997 0.352791916
2382.6999999999994 0.376577035
2301.2999999999993 0.368198712
2383.2999999999997 0.38606445
2236.3 0.387187141
2417.9 0.430052283
2440.5000000000005 0.387056486
2251.0999999999995 0.332197039
2333.5000000000005 0.422101771
2414.4 0.328076189
2568.7 0.369814146
2488.100000000001 0.455612946
2409.3999999999996 0.414268522
2205.600000000001 0.316907939
2464.5 0.37750216
2544.1 0.356744674
2585.6000000000004 0.427334338
2496.7999999999997 0.398276698
2496.899999999999 0.281527628
2488.499999999999 0.407630748
2478.1 0.476698731
2390.9999999999995 0.279601647
2567.4999999999995 0.44775463
2334.2999999999997 0.440547429
2479.3999999999996 0.437901443
2477.4000000000005 0.36782927
2515.3000000000006 0.405734664
2348.8999999999996 0.35855148
2420.0000000000005 0.487763408
2679.7000000000007 0.421840817
2456.1 0.363257393
2547.5999999999995 0.475112321
2435.899999999999 0.625675891
2451.5 0.64485144
2392.7000000000003 0.502566111
2324.0999999999995 0.614716255
2534.3000000000006 0.575055334
2401.7999999999997 0.439917891
2445.1999999999994 0.494584805
2501.7999999999997 0.503687356
2328.7999999999997 0.428699808
2384.2000000000003 0.353810625
2364.5999999999995 0.388795595
2479.8 0.517234937
2479.9999999999995 0.422533045
2433.7999999999997 0.319430805
2187.399999999999 0.34495477
2405.2 0.26956892
2395.0999999999995 0.398720175
2434.399999999999 0.280988883
2255.4 0.356687912
2240.0999999999995 0.35286096
2482.5000000000005 0.268346385
2387.1 0.341563895
2513.8 0.289527315
2503.2 0.343451746
2435.899999999999 0.345081006
2457.4000000000005 0.371899853
2504.4000000000005 0.328034725
2475.7 0.375872473
2428.7 0.245208338
2491.8000000000006 0.352698923
2482.7999999999993 0.354688803
2406.3999999999996 0.370344869
2488.4000000000005 0.340232159
2603.4999999999995 0.357763217
2392.8000000000006 0.395738728
2302.6 0.381930394
2528.3999999999996 0.34689779
2382.3999999999996 0.3726245
2604.9999999999995 0.368263579
2321.5999999999995 0.268897255
2556.2000000000003 0.327586813
2377.2999999999997 0.400323909
2445.7999999999997 0.399041726
2385.2000000000003 0.3216607
2435.7 0.436353174
2447.4 0.460486159
2479.4000000000005 0.321695437
2608.8 0.322047632
2432.7000000000003 0.224722623
2453.0999999999995 0.355980223
2300.2000000000003 0.441080997
2173.2999999999997 0.378150956
2629.7000000000003 0.537414623
2465.4999999999995 0.489930933
2510.2000000000003 0.384568158
2279.8999999999996 0.28174865
2469.4 0.416120084
2320.2999999999997 0.353558219
2477.6999999999994 0.318711252
2537.9 0.338719338
2468.1 0.287244926
2474.399999999999 0.253465894
2580.2 0.299192358
2359.800000000001 0.490458348
2306.2000000000003 0.393557204
2504.5000000000005 0.318606387
2441.8 0.393045354
2336.4999999999995 0.395780541
2455.4000000000005 0.336245212
2466.2 0.385052414
2465.8 0.421417628
2258.5999999999995 0.372140094
2467.2 0.424665425
2319.7999999999993 0.405384426
2256 0.497330219
2371.2999999999993 0.425301439
2490.1 0.330181891
2590.2000000000003 0.436896231
2370.9999999999995 0.363321648
2240.2999999999993 0.434004406
2382.3 0.494704216
2445.3 0.402859235
2338.6 0.423751272
2330.4 0.438233871
2329.7 0.451820398
2532.6 0.364516098
2445.2 0.397709089
2342.8 0.435644399
2428.8999999999996 0.302523538
2607.7 0.377343943
2511.8999999999987 0.516713703
2377 0.397162858
2422.8 0.28115432
2321.6 0.374016069
2473.9999999999995 0.417600008
2577.099999999999 0.365496057
2430.5999999999995 0.321515356
2404 0.411208137
2570.3 0.300077869
2370 0.329798495
2373 0.393534921
2316.8 0.365618656
2490.0999999999995 0.393178476
2541.6 0.337710504
2414.9 0.357655875
2470.9 0.407739429
2274.899999999999 0.287290711
2416.0000000000005 0.34223836
2394.6 0.438561206
2450.5 0.300778007
2409.7999999999997 0.49332136
2419.2 0.446434008
2506.8000000000006 0.416705503
2560.7999999999993 0.371066753
2436.7000000000003 0.40412784
2481.9 0.393616872
2291.000000000001 0.441998776
2445.2 0.337230481
2566.1 0.41401498
2358.4 0.336790509
2415.9999999999995 0.433413193
2441.8999999999996 0.377176112
2337.6000000000004 0.296911237
2391.9 0.47937022
2493.4999999999995 0.31382938
2410.5 0.373424882
2512.5 0.229340276
2589.4 0.40214624
2383.9 0.310047525
2537.4999999999995 0.540226664
2321.799999999999 0.378982036
2405.499999999999 0.35102187
2486.5999999999995 0.312508787
2490.7999999999993 0.368785291
2578.0000000000005 0.402906142
2414.1 0.411169425
2334.3999999999996 0.396800129
2375.9999999999995 0.337913881
2287.4999999999995 0.427232975
2473.1 0.425938477
2314.1999999999994 0.560002382
2386.6999999999994 0.60225734
2344.3000000000006 0.43375234
2276.7999999999997 0.347231499
2392.6000000000004 0.408862828
2410.899999999999 0.645139586
2522.2 0.453362652
2225.3999999999996 0.502952047
2466.5999999999995 0.428902919
2313.7999999999997 0.409570022
2314.4999999999995 0.320455886
2536.7 0.452336439
2381.4000000000005 0.554428782
2374.1999999999994 0.484291577
2563.8 0.306724262
2548.5 0.359205937
2312.4000000000005 0.308159205
2393.1 0.223648959
2298.2999999999997 0.392028502
2474.7999999999993 0.283294535
2466.6000000000004 0.338685459
2555 0.357381636
2418.1 0.550420411
2372.8999999999996 0.410635379
2486 0.363899696
2358.3 0.384682123
2319.4000000000005 0.489885534
2412.4 0.421686714
2283.6999999999994 0.243905077
2514.7999999999997 0.313985235
2345.9999999999995 0.30938202
2416.4 0.397696994
2427.2999999999997 0.352461362
2417.0999999999995 0.365293037
2385.7 0.352128987
2393.1 0.406463005
2484.0999999999995 0.413486904
2288.8999999999996 0.342694359
2316.2999999999997 0.380377513
2553.799999999999 0.288660619
2431.5999999999995 0.463113756
2452.2000000000007 0.260770935
2403.7000000000007 0.33165879
2366.9000000000005 0.338212669
2523.3 0.330814907
2514.500000000001 0.353688388
2552.1999999999994 0.454656862
2445.2 0.309861276
2381.4999999999995 0.400813222
2380.1000000000004 0.419445759
2356.4999999999995 0.361592766
2349.3 0.336505722
2529.1000000000004 0.539614667
2224.2999999999997 0.332781741
2382.9000000000005 0.293061682
2471.4 0.428854051
2471.7 0.396301385
2653.2 0.354199015
2194.5 0.385496841
2357.1 0.33657177
2498.8 0.413452832
2389.6 0.337263133
2517.3000000000006 0.342365787
2342.8999999999996 0.367920541
2251.100000000001 0.368864002
2508 0.316954103
2500.7000000000003 0.424149133
2550.1000000000004 0.394439957
2515.2000000000003 0.404325265
2359.7999999999997 0.378395464
2490.1000000000004 0.341573617
2426.8999999999996 0.4241937
2479.9 0.407334014
2370.5 0.370494624
2535.5 0.352584094
2216.9 0.369144088
2499.899999999999 0.410692328
2404.7999999999997 0.399063107
2254.8 0.456291372
2343.7999999999993 0.28695344
2189.6999999999994 0.420338466
2390.5 0.436607841
2466.5999999999995 0.430744446
2443.7 0.390292168
2559 0.415118592
2391.7999999999997 0.397292569
2476.6999999999994 0.518619549
2399.1 0.393569831
2389.899999999999 0.409815479
2394.6999999999994 0.396570028
2397 0.394542253
2400.9000000000005 0.468938526
2567.099999999999 0.438202465
2505.1 0.345357599
2445 0.315089015
2522.3000000000006 0.385040107
2410.199999999999 0.444675262
2411.2000000000003 0.385667697
2360.1000000000004 0.409169321
2417.5999999999995 0.425731408
2489.499999999999 0.32094363
2265.5 0.471307136
2428.6000000000004 0.398488968
2360.0000000000005 0.388880448
2439.800000000001 0.42372525
2329.499999999999 0.355101614
2493.9999999999995 0.499105757
2437.7000000000003 0.345715052
2371.1999999999994 0.44323266
2622.4999999999995 0.339734045
2425.5000000000005 0.438603163
2571.3999999999996 0.359151157
2422.2 0.425621984
2443.2000000000003 0.337150056
2300.4 0.320466084
2499.1 0.301730098
2177.1 0.458428804
2289.5999999999995 0.46296596
2433.999999999999 0.480806711
2516 0.230215396
2364.0000000000005 0.399776221
2477.3999999999996 0.389817153
2425.7999999999997 0.33408291
2393.4 0.32684711
2265.2999999999997 0.42898761
2551.4 0.327062284
2385.399999999999 0.335391503
2530 0.446967318
2431.7000000000003 0.365637356
2449.6 0.28230814
2348.8999999999996 0.35831278
2375.9 0.476035862
2330.4 0.42189843
2642.9999999999995 0.34325414
2464.3999999999996 0.381607264
2509.8 0.354966747
2502.899999999999 0.493424221
2501.899999999999 0.551160489
2412.1000000000004 0.506628197
2488.5 0.384441225
2326.399999999999 0.581482142
2173.4 0.384142987
2406.4 0.702692774
2350.2999999999997 0.553941511
2464.1 0.552765055
2182.4999999999995 0.561187352
2520.2999999999993 0.471236353
2446.7 0.500841778
2357.2 0.386319278
2357.2999999999997 0.513015534
2456.7999999999993 0.290117825
2413.8999999999996 0.401028943
2355.7999999999993 0.458144618
2317.2 0.31883239
2400.6000000000004 0.408625061
2347 0.317742794
2361.9 0.35878382
2423.5999999999995 0.300937961
2380.8 0.348398288
2385.1999999999994 0.379915424
2231.2999999999997 0.340735384
2351.6 0.35620564
2462.7999999999993 0.376085098
2268.2999999999997 0.405912429
2168.7000000000003 0.351713634
2324.7000000000007 0.280107417
2396.9 0.393935928
2431.600000000001 0.286945497
2315.5000000000005 0.376645278
2475.3 0.266263006
2203.2999999999993 0.363545052
2355.399999999999 0.349387511
2397.8 0.405541087
2520.8999999999996 0.329541434
2500.3999999999996 0.386881422
2505.8999999999996 0.340266614
2435.9 0.383987288
2564.3 0.381238274
2119.7999999999993 0.368829202
2338.2999999999997 0.341482103
2475.5999999999995 0.295357809
2454.7 0.427563003
2301 0.403285883
2408.499999999999 0.296505066
2512 0.275872074
2481 0.397897764
2451.6000000000004 0.439269497
2394.9999999999995 0.29954816
2425.0999999999995 0.378367296
2511.8999999999996 0.334806737
2370.7000000000007 0.361805319
2373.3999999999996 0.30093932
2401.8999999999996 0.31516085
2317.3 0.343274179
2326.7 0.403229797
2451.7000000000003 0.348699417
2473.4999999999995 0.303945593
2273.7 0.322421843
2337.1 0.301015208
2463.5 0.369420559
2151.4 0.256740227
2364.7 0.280366797
2269.399999999999 0.356277476
2340.5000000000005 0.451766229
2445.4 0.392165225
2567.9999999999995 0.371734337
2342.2 0.436376123
2371.9999999999995 0.356120634
2439.3 0.373303349
2454.5000000000005 0.379201652
2418.2 0.325929004
2248.1 0.356483768
2384.8999999999996 0.368510726
2202.7000000000003 0.471099203
2426.5000000000005 0.408427962
2441.3999999999996 0.481681565
2456.7 0.367168484
2061.1999999999994 0.417083043
2431 0.457282731
2296.0999999999995 0.41221893
2384.9 0.40229769
2258.8999999999996 0.387822036
2500.0999999999995 0.337400258
2453.2 0.430212528
2232.8 0.418198214
2468.1 0.338715261
2422.3 0.312296477
2494.3 0.440216557
2433.4 0.323728903
2431.6 0.420299957
2534.2000000000007 0.542685352
2544.6000000000004 0.32259819
2369.3999999999996 0.402042919
2322 0.369378658
2463.7000000000003 0.303193303
2288.3999999999996 0.350698806
2492.4000000000005 0.428014618
2398.5999999999995 0.548874841
2407.7 0.525223009
2324.4 0.365242307
2414.2 0.381859358
2418.899999999999 0.399794551
2447.6 0.387717033
2449.6999999999994 0.330141766
2477.599999999999 0.48561787
2425.8999999999996 0.395163919
2372.8 0.339176917
2452.5 0.421522124
2478.7000000000007 0.430489315
2469.5 0.291580014
2338.2000000000003 0.336162885
2373.0000000000005 0.404647365
2607.6999999999994 0.354341065
2553.2000000000003 0.380824429
2449.5000000000005 0.441453472
2170.4 0.345202298
2350.7999999999997 0.327331038
2309.0999999999995 0.451737725
2472.6 0.515219024
2327.2 0.348211058
2462.999999999999 0.381648269
2539.8 0.363623574
2532.5999999999995 0.325773786
2488.8999999999996 0.385888216
2278.3 0.324113124
2525.8999999999996 0.425551926
2554.5000000000005 0.318658407
2370.0999999999995 0.336603164
2398.8999999999996 0.321541303
2560.3 0.357856465
2508.2000000000003 0.411048616
2477.9999999999995 0.352911473
2610.7999999999997 0.403419009
2510.4 0.449349901
2434.7 0.294528606
2341.6999999999994 0.576305274
2517.7000000000007 0.513250245
2424.7999999999993 0.536802964
2319.7 0.637009403
2255.8999999999996 0.423820362
2473.7000000000003 0.579241759
2455.7 0.540371262
2504.600000000001 0.536243314
2455.2 0.538895687
2451.8 0.487990956
2464.499999999999 0.450628283
2332.5999999999995 0.627422192
2384.9000000000005 0.617215362
2409.7000000000003 0.426328124
2383.2 0.240033556
2113.6999999999994 0.40716346
2282.0999999999995 0.28487893
2464.2000000000003 0.374525139
2411 0.344757983
2403.1 0.335157665
2388.9999999999995 0.34071715
2305.6000000000004 0.346598414
2459.5000000000005 0.392121151
2413.7999999999997 0.362274896
2546.3 0.406036166
2486.6 0.397244499
2508.4 0.344104593
2384.7999999999997 0.296837722
2443.8000000000006 0.364856461
2477.3999999999996 0.292635778
2412.3000000000006 0.293976014
2378.2 0.304754864
2229.399999999999 0.445880767
2492.4 0.307788418
2374.899999999999 0.320295078
2615.8999999999996 0.372004542
2480.3 0.373106254
2434.2000000000003 0.383309093
2541.9999999999995 0.389833305
2405.7000000000003 0.252406931
2398.2 0.328084358
2431.399999999999 0.382071846
2234.9 0.310744928
2444.7000000000003 0.431973781
2501 0.281705669
2448.5 0.378245837
2457.4 0.336502316
2372.7000000000007 0.395227411
2450.7999999999993 0.279081498
2303.3 0.314086107
2438.2 0.373671511
2474.9 0.421924484
2457.0999999999995 0.249944665
2232.2000000000007 0.371705148
2493.2999999999993 0.369806912
2464.4999999999995 0.389108975
2458.2000000000003 0.302965823
2512.6 0.380572325
2496.2999999999997 0.349985781
2397.8999999999996 0.356367457
2488.0999999999995 0.388193326
2535.399999999999 0.428133009
2366 0.392944224
2281.8999999999996 0.328051005
2400.699999999999 0.440498234
2476.199999999999 0.360097686
2295.8 0.435064047
2421.5 0.356050055
2425.4000000000005 0.474184352
2495.9999999999995 0.383911393
2378.2999999999997 0.333219237
2700.5 0.333916027
2432.7000000000007 0.386028444
2355.4999999999995 0.384981551
2388.8999999999996 0.405848867
2353.5999999999995 0.425179287
2450.4999999999995 0.346825946
2316.7 0.422337851
2123.3 0.324329443
2306.1 0.450454723
2413 0.44939709
2380.9999999999995 0.429419669
2383.5 0.45897586
2171.9 0.43072874
2396.4 0.46975353
2408.399999999999 0.422144474
2357.4000000000005 0.493742959
2621.1 0.385526279
2201.5999999999995 0.419540197
2390.4999999999995 0.309738406
2316.5999999999995 0.393654611
2525.4999999999995 0.360015907
2583.3000000000006 0.403558221
2493.4999999999995 0.367054331
2279.2000000000003 0.321062418
2456.9000000000005 0.433850623
2323.2999999999993 0.33080493
2568.5999999999995 0.40252046
2419.1000000000004 0.329659379
2432.5999999999995 0.244806507
2433.4 0.400432728
2581.7999999999997 0.318163306
2339.0000000000005 0.408308823
2407.5999999999995 0.469434756
2567.3 0.305985941
2381.1999999999994 0.405955156
2368.4 0.290280182
2601.6000000000004 0.483492153
2386.6 0.364971314
2432.6999999999994 0.438121536
2386.7999999999997 0.424591924
2286.3000000000006 0.434533244
2472.3 0.322214655
2451.3999999999996 0.440464931
2505.3 0.38636519
2380.3 0.432851087
2346.6000000000004 0.449049012
2523.7999999999993 0.41112872
2484.1 0.319988683
2377.3 0.319990824
2366.2 0.332790026
2422.7000000000003 0.390762505
2143.8 0.407566678
2465.5999999999995 0.447707688
2444.5999999999995 0.435464517
2207.6000000000004 0.324757149
2378.6000000000004 0.406705795
2293.8999999999996 0.263319131
2372.399999999999 0.332264217
2417.2000000000003 0.353376483
2456.2999999999993 0.363804707
2412.399999999999 0.41587264
2420 0.359208207
2500.0000000000005 0.38924469
2393.9 0.379857948
2241.4999999999995 0.50784231
2395.6 0.485836526
2157.0999999999995 0.40242843
