2189.3999999999996 0.711406126
2156.6 0.440867526
2184.4999999999995 0.508932941
2419.2000000000003 0.510215302
2384.3 0.486204965
2186 0.414695547
2301.9 0.394990234
2377.399999999999 0.53648458
2271.899999999999 0.472896014
2273.7999999999997 0.502850142
2160.9999999999995 0.40419478
2245.8 0.343074102
2255.399999999999 0.326082643
2202.5 0.443002234
2301.2 0.318475874
2099.0999999999995 0.351653476
2322.7 0.432337934
2063.8999999999996 0.297825414
2114.7999999999993 0.345041376
2210.7999999999997 0.320932864
2373.3999999999996 0.370094307
2279.3 0.419476432
2348.2000000000003 0.34642509
2298.3999999999996 0.398143576
2210.2000000000003 0.315597713
2216.6000000000004 0.355250522
2337.9999999999995 0.288030149
2170.8999999999996 0.343328969
2245.5999999999995 0.333975517
2461.9999999999995 0.379612087
2374.2999999999997 0.340349871
2222.8000000000006 0.361994391
2166.0999999999995 0.312438845
2272.1 0.400993047
2228.3 0.298395395
2148.1 0.390700359
2251.9999999999995 0.35195683
2342.599999999999 0.364998279
2067.7999999999997 0.339294947
2269 0.338741966
2192.7 0.371752518
2219.6000000000004 0.427243254
2234.4 0.266135531
2191.4 0.417572736
2504.7000000000003 0.44382101
2020.9 0.410580264
2130.2999999999997 0.310628209
2132.699999999999 0.289783279
2403.000000000001 0.335848216
2257.3 0.374350564
2240.5 0.32345496
2359.7999999999997 0.228183517
2081.2000000000003 0.495843964
2304.7999999999997 0.436188622
2165.9999999999995 0.38796864
2278.4000000000005 0.318213423
2260.399999999999 0.274342555
2278.8 0.469945166
2301.2 0.423119184
2336.7999999999997 0.36881082
2378.2000000000003 0.383925953
2308.0999999999995 0.436029743
2084.099999999999 0.372903113
2161.4 0.355530139
2357.8 0.259167035
2260.399999999999 0.292214742
2295.7 0.304637337
2335.2999999999997 0.326944475
2414.3 0.440788824
2109.1999999999994 0.353728221
2319.5000000000005 0.438896125
2216.5 0.3210168
2349.9 0.333251291
2200.7999999999997 0.326439444
2294.7999999999993 0.406008546
2301.7 0.451103661
2276.7 0.385080966
2383.4999999999995 0.360416247
2282.7999999999997 0.309912135
2349.9999999999995 0.344114596
2159.999999999999 0.400009176
2273.8 0.382232104
2280.599999999999 0.287802719
2314.5999999999995 0.39450264
2329.6 0.485460261
2205.9999999999995 0.315303158
2109.0999999999995 0.512727488
2296.3999999999996 0.333043414
2416.3999999999996 0.361780372
2141.9 0.3546713
2154.399999999999 0.368979941
2306.2 0.350943775
2297.6999999999994 0.346528493
2125.2 0.297324663
2349.0000000000005 0.361771985
2398.9999999999995 0.427548
2264.4 0.382031521
2249.7 0.382579419
2236.0000000000005 0.349409143
2327.8999999999996 0.394325849
2456.699999999999 0.354430167
2484.4999999999995 0.455230713
2405.4999999999995 0.383495083
2243.5 0.389152239
2248.0000000000005 0.326189818
2238.9999999999995 0.386484808
2076.3999999999996 0.478700329
2293.3999999999996 0.447356246
2385 0.384962526
2332.5999999999995 0.341294189
2332.4000000000005 0.35153686
2248.4999999999995 0.481324721
2264.9000000000005 0.327494486
2251.3999999999996 0.379118386
2085.1 0.379594106
2353.5999999999995 0.357642856
2317.5999999999995 0.288098365
2164.7000000000003 0.420946331
2190.5 0.313408901
2226.2000000000003 0.436079851
2357.8999999999996 0.290915139
2279.2 0.381515417
2209.6999999999994 0.4383367
2400.7000000000003 0.379017454
2220 0.429876842
2221.9 0.433440723
2291.3 0.437233184
2258.7999999999997 0.334699076
2271.1 0.386443473
2047.2999999999995 0.415737842
2287.2 0.406186834
2210.8 0.375510805
2396.3999999999996 0.451267439
2188.5999999999995 0.474722328
2267.6 0.394940375
2367.2999999999997 0.41136204
2127.6999999999994 0.378044392
2220.7 0.603452738
2177.4 0.73553334
2348.6 0.481295427
2252.9999999999995 0.549081452
2463.1999999999994 0.550775503
2325.1999999999994 0.45096677
2249.399999999999 0.535638758
2254.4999999999995 0.530619084
2158 0.536274523
2213.3999999999996 0.480759754
2383.7000000000003 0.465187531
2332.2000000000003 0.385169704
2277.899999999999 0.277200424
2125.5 0.435210722
2303.2 0.342478351
2166.2999999999997 0.307147294
2210.4999999999995 0.345820621
2133.9999999999995 0.340140615
2336.3 0.362727353
2355.6999999999994 0.324768367
2216.1 0.438354161
2253.3999999999996 0.308151626
2391.3999999999996 0.354867194
2272.7999999999997 0.446833263
2244 0.422986226
2343.4 0.351770758
2296 0.326603254
2303 0.366792885
2335.5 0.410124639
2278.1999999999994 0.468565426
2238.9999999999995 0.400932368
2014.4 0.397243354
2273.2 0.385212044
2230.9999999999995 0.274340924
2030.6999999999994 0.477907005
2235.2000000000003 0.326499654
2237.8999999999996 0.331763573
2253.1 0.326076449
2379 0.321479112
2300.9 0.345783446
2130.6 0.418289546
2164.4 0.308618695
2305.399999999999 0.317175666
2394.9999999999995 0.324281503
2075.2999999999997 0.42424319
2516.3 0.381648079
2225.999999999999 0.38810592
2273.8999999999996 0.329675345
2232.9 0.410329581
2136.7000000000003 0.426939051
2197.7 0.375363267
2214.9 0.365911666
2353.3999999999996 0.34751666
2238.4999999999995 0.354172322
2336.3999999999996 0.386891198
2269.399999999999 0.318993878
2155.5000000000005 0.357949912
2174.7999999999993 0.317875986
2201.3 0.359093776
2100.6 0.310501262
2235.2 0.298529797
2068.7 0.377130227
2383.1000000000004 0.431505614
2311.6 0.408163445
2343.7999999999997 0.374273821
2328.1 0.366974809
2328.9 0.428553111
2177.399999999999 0.418659316
2224.9 0.369083303
2291.8 0.425036501
2189 0.403773974
2507.7999999999997 0.25442488
2163.3999999999996 0.330460896
2092.5999999999995 0.502566133
2207.2 0.393684402
2395.1 0.325319116
2184.7 0.358560394
2112.9999999999995 0.306225759
2307.9 0.439656414
2293.0999999999995 0.30688744
2398.0999999999995 0.401246035
2340.7000000000003 0.392117625
2386.3999999999996 0.370342406
2257.8999999999996 0.421648314
2438 0.331707223
2423.4999999999995 0.442155093
2321.5999999999995 0.428647513
2330.9 0.349234624
2354.5999999999995 0.471394122
2319.9999999999995 0.319861837
2122.8 0.359295634
2234.2999999999997 0.396775242
2232.3999999999987 0.375076885
2425.1 0.389156214
2216.6000000000004 0.373833839
2358.7999999999997 0.329162306
2357.7 0.34138488
2210.3999999999996 0.401834626
2378.4 0.309169113
2348.1999999999994 0.461592583
2227.2 0.33820507
2368.4000000000005 0.3849757
2359.499999999999 0.411022749
2168.4 0.377241327
2329.2 0.40247317
2319.6 0.413926484
2285.9999999999995 0.426616539
2191.8 0.290254382
2161 0.44528055
2355.5999999999995 0.364068663
2195.8 0.380585572
2341.5999999999995 0.419670242
2333.3 0.394771739
2098.2999999999993 0.399399619
2146.4 0.323171296
2258.0000000000005 0.421484241
2306.5 0.358899383
2289.4000000000005 0.337514141
2093.8999999999996 0.423934737
2293.5000000000005 0.396007601
2132.2999999999997 0.469772845
2116.8 0.435406086
2245.6 0.388298775
2284.4 0.39681124
2235.2 0.34108375
2387.4000000000005 0.300637894
2397.6 0.285465901
2213.999999999999 0.368447482
2471.6 0.422509706
2326.4 0.385598307
2204.6999999999994 0.369633884
2222.2999999999997 0.385419114
2202.4999999999995 0.423324259
2213.4999999999995 0.399700054
2249.5999999999995 0.282551031
2376.499999999999 0.74273477
2183.2 0.515899338
2348.7 0.515128749
2143.5999999999995 0.477530957
2298.5000000000005 0.479523962
2283.1 0.583829493
2308.6 0.441685843
2279.2999999999997 0.451361321
2288.5 0.441716702
2246.6 0.582154484
2374.9 0.499636538
2360.8 0.352919876
2300.2000000000003 0.354628861
2409.7 0.384443285
2217.3999999999996 0.342639588
2371.2 0.332384588
2285.0000000000005 0.397911362
2098.6000000000004 0.374977598
2256.8999999999996 0.354111028
2219 0.394153246
2242.8999999999996 0.405403629
2096.8999999999996 0.350902966
2238.099999999999 0.281780429
2427.8999999999996 0.442885797
2451.2 0.405648881
2471.4999999999986 0.365738423
2128.0999999999995 0.420497881
2233.8999999999996 0.360087524
2375.3999999999996 0.408136225
2175.3999999999996 0.306141732
2338.7999999999993 0.369670585
2341.7000000000007 0.281477174
2256.1999999999994 0.420345446
2235.2999999999997 0.307443154
2384.7 0.372965845
2265.2 0.337889413
2235.8999999999996 0.364131395
2153.1 0.364394986
2376.2 0.363407173
2253.2 0.350233701
2336.1999999999994 0.388551525
2241.1999999999994 0.407543752
2358.499999999999 0.488361019
2160.899999999999 0.48541114
2204.8999999999996 0.390101591
2399.5999999999995 0.48092146
2430.9999999999995 0.400376249
2247.1999999999994 0.293002113
2451.2999999999997 0.412711878
2183.7999999999993 0.448868928
2356.5 0.360620124
2312.6 0.407177199
2245.7999999999997 0.284872439
2206.3999999999996 0.38729735
2320.4 0.450430454
2257.1 0.396588957
2335.899999999999 0.327419687
2156.7 0.287219076
2203.5 0.423633747
2159.8999999999987 0.406158527
2336.4999999999995 0.38156668
2363.3 0.358043561
2203.7 0.347412609
2352.6000000000004 0.389305727
2270 0.387355011
2288.1 0.386655196
2374.2999999999997 0.352487003
2241.4 0.371869253
2398.3000000000006 0.418416119
2247.1 0.394988288
2156.5999999999995 0.363932951
2187.8 0.435536992
2208.3999999999996 0.418612337
2112.9999999999995 0.400901348
2431.7000000000003 0.370781225
2366.5 0.290932723
2185.7000000000003 0.389086827
2068.9999999999995 0.421463395
2380.6 0.442262885
2350.4 0.452750669
2202.899999999999 0.485003005
2263.3999999999996 0.437904748
2386.7999999999997 0.359280652
2172.7999999999997 0.315884147
2184.4000000000005 0.411530341
2249.3999999999996 0.36614177
2173.9 0.447933052
2299.1000000000004 0.361150714
2330.9999999999995 0.373641818
2366.7000000000003 0.33484896
2126.5 0.32972654
2238.5 0.378428424
2257.3999999999996 0.416084405
2288.0999999999995 0.472223382
2277.7999999999997 0.403379167
2367.7000000000007 0.390013493
2287.1000000000004 0.335974982
2395.2000000000003 0.376661429
2417.2 0.272414354
2240.2 0.403381485
2303.0999999999995 0.330326143
2268.3 0.354475389
2311.7000000000003 0.386737767
2169.2 0.327466035
2335.6 0.316160329
2305.4 0.406516986
2202.2999999999997 0.371792277
2464.1999999999994 0.283074428
2335.8999999999996 0.477374096
2342.7000000000003 0.376839578
2373.5999999999995 0.400275664
2262.2999999999993 0.372214992
2358.7999999999997 0.300215968
2191.2 0.453784862
2177.7999999999997 0.42045491
2194.3999999999996 0.396658846
2355.7000000000003 0.324341134
2557.8999999999996 0.363718035
2329.0999999999995 0.429188046
2371.9999999999995 0.374518911
2296.7999999999997 0.351723558
2327.7 0.324701572
2446.400000000001 0.465960814
2122.5999999999995 0.403654215
2155.8999999999996 0.423102686
2386.5 0.438912906
2157.3999999999996 0.31548629
2212.399999999999 0.291729614
2213.2 0.383283921
2331.4999999999995 0.31869465
2185.4 0.429726959
2187.2999999999997 0.320015477
2262.499999999999 0.373026552
2393.4999999999995 0.385617799
2209.2 0.290844663
2224.6 0.507140206
2352.6999999999994 0.559344688
2373.9999999999995 0.351553508
2065.8 0.514896382
2259.1 0.481517794
2264.8999999999996 0.47809664
2173.2 0.489662723
2126.6 0.516771325
2358.5000000000005 0.446533001
2268.8 0.420625001
2116.2 0.576113844
2443.5999999999995 0.339719498
2262.5000000000005 0.407798403
2239.7999999999997 0.444468759
2234.399999999999 0.354433003
2235.7999999999997 0.286755097
2304.5999999999995 0.356774422
2302.9999999999995 0.364665956
2215.7999999999993 0.3059799
2184 0.384860246
2352.2000000000003 0.37901819
2136.2 0.37209396
2296.7 0.29675889
2318.8999999999996 0.308115831
2354.0999999999995 0.366734248
2434.8 0.370667466
2363.5 0.349164735
2418.1999999999994 0.473390748
2216.3999999999996 0.381841136
2153.1 0.264094568
2255.9 0.478969646
2242.1999999999994 0.402523875
2226.3 0.312938985
2276.3 0.323383921
2408.6000000000004 0.475108461
2336.1 0.374248744
2099.5999999999995 0.334368694
2390.3 0.430630223
2352.6000000000004 0.373738558
2354.6999999999994 0.333740675
2248.6 0.34932892
2249.5 0.370950364
2197.3999999999996 0.350881859
2140.4 0.344469749
2200.3999999999996 0.376098843
2231.8 0.428215924
2385.7999999999997 0.347981197
2086.9999999999995 0.366064076
2302.2999999999997 0.309294608
2194.6999999999994 0.401413894
2382.899999999999 0.399427644
2397.9000000000005 0.346911159
2154.1 0.340037358
2327.2 0.356689203
2183.7999999999997 0.447816628
2115 0.28614635
2169 0.321455876
2200.7999999999997 0.288492942
2318.7000000000003 0.355977043
2178.1999999999994 0.338989936
2157.4 0.381443442
2145.2999999999993 0.356883734
2304.7999999999997 0.372591753
2313.5 0.397318162
2153.6999999999994 0.420518727
2200.8999999999996 0.370455039
2012.1 0.443507457
2303.9999999999995 0.409501961
2143 0.354606351
2264.1 0.327633177
2360.8999999999996 0.289821096
2217.9999999999995 0.322195579
2199.9 0.408704176
2167.2999999999997 0.45295882
2120.1000000000004 0.399037676
2264.7 0.408339622
2127.6999999999994 0.391975132
2183.4 0.325560225
2178.6 0.398808513
2161.5 0.411386654
2210.5999999999995 0.334777554
2270.7000000000003 0.314728186
2384 0.35732424
2239.8999999999996 0.449484266
2301.2 0.292398491
2189.7 0.390418326
2254.9999999999995 0.353586259
2385.9999999999995 0.426227597
2134.3999999999996 0.359261498
2293.7999999999997 0.399046411
2222.6999999999994 0.424859715
2212.699999999999 0.385691262
2265.9 0.401501845
2299.8000000000006 0.423995694
2138.2 0.479489572
2397.6 0.362363676
2255 0.406648964
2095.6 0.427636456
2464.3999999999996 0.299486511
2230.4999999999995 0.369401228
2211.3999999999996 0.363104973
2229.9 0.349018228
2138.2999999999997 0.427600658
2138.2999999999997 0.421764655
2243.8999999999996 0.352231647
2392 0.373300933
2253.5 0.348149931
2411.2999999999997 0.426986535
2247.3 0.457582289
2324.1000000000004 0.30045761
2272.2000000000003 0.446156438
2380.7000000000003 0.374115135
2081.3999999999996 0.323758738
2182.5 0.342838483
2219.2999999999997 0.444606795
2375.4 0.3489896
2144.3999999999996 0.416636295
2396.4 0.331826928
2213.9 0.374256009
2220.5999999999995 0.35539856
2207 0.316359223
2406.7000000000003 0.233538779
2293.3999999999996 0.404568241
2194.2999999999997 0.407112573
2224.7999999999997 0.348015026
2324.2000000000007 0.373244382
2289.999999999999 0.43600339
2207.7999999999997 0.275815768
2115.9999999999995 0.370153161
2379.1000000000004 0.465742516
2346.5999999999995 0.449167287
2248.3999999999996 0.366603575
2413.2999999999997 0.434425979
2212.6 0.398302805
2077.7 0.359588459
2195.5999999999995 0.412339369
2294.099999999999 0.288992526
2143.6000000000004 0.481572285
2382.2 0.570091926
2255.9 0.558616678
2319.7000000000003 0.432122158
2147.7000000000003 0.571106114
2263.500000000001 0.399617921
2420.9999999999995 0.492998209
2213.7 0.406725485
2338.8 0.557397904
2188.3999999999996 0.605559496
2259.3 0.501561614
2113.7999999999993 0.302479112
2519.599999999999 0.417808516
2308.0999999999995 0.2779524
2196.6000000000004 0.449341212
2008.4999999999993 0.304634821
2284.4999999999995 0.374054482
2216.5 0.362879458
2433.8 0.329517778
2085.7 0.345485955
2255.7000000000003 0.278402526
2166.4 0.26700307
2398.2 0.341243727
2116.1999999999994 0.28113782
2305.7000000000003 0.402432214
2165.3 0.300451837
2526.9 0.297625479
2236.2999999999993 0.29990228
2244.0000000000005 0.358068888
2226.1999999999994 0.383165657
2137.7 0.430929813
2087.7999999999993 0.445511469
2313.6 0.432869898
2271.4999999999995 0.385504901
2320.2000000000003 0.316278081
2221.2 0.319088654
2324.1 0.379106323
2248.3999999999996 0.374588705
2237.3 0.454421186
2293.5 0.352934021
2249.7 0.406212216
2200.3 0.40266281
2266.9 0.334181866
2296.0000000000005 0.289945604
2321 0.36366782
2255.4999999999995 0.409677793
2303.9999999999995 0.328374594
2244.6 0.284112311
2460.7999999999993 0.325533858
2268.7999999999997 0.335280952
2303.3999999999996 0.322494825
2258.4999999999995 0.36548991
2053.2 0.387226062
2119 0.352190929
2333.6 0.390724323
2419.9 0.384957587
2401.7000000000003 0.295620851
2347.1999999999994 0.306245292
2040.9999999999993 0.41254219
2187.0999999999995 0.384002179
2379.3 0.332028045
2199.2999999999993 0.340989885
2438 0.399011995
2113.8999999999996 0.422355426
2231.6 0.395163409
2150.5999999999995 0.435116589
2226.9 0.293738938
2192.2 0.341812378
2287.4999999999995 0.362619649
2444.6 0.366765332
2145.3999999999987 0.36709439
2278.2 0.403365122
2400.499999999999 0.376558545
2349.7999999999993 0.321872738
2367 0.368339929
2347.699999999999 0.351800633
2450.4 0.321278585
2429.1000000000004 0.331313879
2293.8 0.378993536
2123.6000000000004 0.451194961
2225.4 0.400569097
2094.3000000000006 0.324008558
2104.0999999999995 0.388451653
2249.0999999999995 0.303571443
2260.2999999999993 0.398527768
2176.6000000000004 0.360071985
2339.9000000000005 0.377766561
2101.9999999999995 0.374393686
2397.399999999999 0.416746341
2253.1999999999994 0.399729541
2289.4999999999995 0.408351999
2322.8999999999996 0.447041258
2379 0.319242272
2436.8000000000006 0.384539928
2342.8000000000006 0.408846165
2184 0.366473284
2251.2 0.416372682
2348.8999999999996 0.398479994
2248.099999999999 0.36222849
2368.1999999999994 0.395553574
2387.4999999999995 0.328912801
2255.4 0.371459267
2322.1 0.370702042
2282.1 0.330764911
2360.2 0.364487963
2099.1 0.302539821
2103.3999999999996 0.411675983
2199.9 0.449079437
2213.7000000000003 0.330533561
2337 0.383328366
2243.2999999999997 0.493570796
2323.9999999999995 0.386363006
2184.2999999999993 0.365800062
2093.4 0.410145968
2157.7 0.296176833
2100.7999999999997 0.478973251
2423.4999999999995 0.37132692
2268.7 0.406101334
2428.8999999999996 0.51693766
2148.1000000000004 0.431044379
2411.3 0.322288538
2358.7 0.354258468
2301.8999999999996 0.408389513
2330.199999999999 0.355058381
2174.7999999999997 0.350965578
2238.4999999999995 0.281999247
2227 0.393605936
2267.7 0.316816436
2310.2999999999993 0.381854988
2312.7 0.361156826
2434.099999999999 0.389832719
2395.2 0.362297588
2367.7999999999997 0.378009546
2255.7000000000003 0.492498615
2116.9 0.363360673
2183.1999999999994 0.428131209
2089.8999999999996 0.251722587
2207.5999999999995 0.37512784
2281.499999999999 0.572255329
2344.1000000000004 0.598649222
2169.099999999999 0.504846534
2279.0999999999995 0.456568849
2336.6 0.565451354
2175.2999999999997 0.550504845
2351.3999999999996 0.562547066
2047.4999999999998 0.528197018
2310.5999999999995 0.441543218
2365.099999999999 0.436113643
2256.6000000000004 0.356608684
2088.2999999999997 0.343241982
2137.9999999999995 0.400630339
2247.6 0.432689764
2176.7999999999997 0.36654903
2291.7 0.401574489
2328.2999999999997 0.380649607
2260.2999999999993 0.359393665
2109.0999999999995 0.37990237
2312.9999999999995 0.397063612
2364.8999999999996 0.337335673
2277.7 0.38797626
2136.5999999999995 0.410625099
2372.5 0.35282446
2199.999999999999 0.32922408
2262.2 0.458670742
2207.8999999999996 0.332228491
2274.2 0.348782828
2340.0999999999995 0.353333265
2243.5999999999995 0.378933855
2294.7999999999997 0.322609978
2076.8999999999996 0.377912811
2290.4 0.327840982
2324.4999999999995 0.354343778
2184.6000000000004 0.400302625
2375.2999999999993 0.335896326
2159.8999999999996 0.44552916
2411.4999999999995 0.381607151
2379.999999999999 0.350168041
2400.2 0.341225181
2346.5999999999995 0.45860732
2184.7 0.408047159
2302.6 0.360613455
2279.7999999999997 0.351920519
2124.8999999999996 0.321111466
2266.1 0.337958462
2286.8 0.377729
2187.4999999999995 0.381170993
2438.1 0.322168894
2213.0999999999995 0.379856861
2182.2 0.430410863
2252 0.340339879
2379.1000000000004 0.342644079
2275.5 0.379003227
2343.6999999999994 0.384420576
2264.4 0.443867746
2311.599999999999 0.360583676
2318.2999999999997 0.325247443
2510.4999999999995 0.401310729
2291.2 0.316727916
2402.3 0.426656072
2380.6999999999994 0.360855273
2358.399999999999 0.349758776
2287.1 0.387373156
2258.0000000000005 0.443682789
2259.3 0.335200532
2344.8 0.355894361
2374.7 0.44699036
2245.1 0.294436172
2223.5 0.424556525
2295.4999999999995 0.370594893
2362.2 0.325076943
2401.0999999999995 0.339756212
2282.8 0.415957654
2052.1999999999994 0.381659096
2135.2 0.345388498
2307.5000000000005 0.347681391
2307 0.423110301
2048.8999999999996 0.382517849
2175.8999999999996 0.414330585
2358.5999999999995 0.366238516
2211.7999999999997 0.355740971
2389.699999999999 0.405286803
2348.5 0.335668947
2459.1 0.266673821
2423.5 0.41700844
2151.1 0.367830388
2185.8999999999996 0.462830199
2383.3999999999996 0.404910374
2218.2000000000003 0.402034352
2381.7000000000007 0.291333194
2457.9 0.413355674
2188.1999999999994 0.359065084
2285 0.451831295
2274.2 0.41362864
2381.8 0.395314257
2280.7 0.416163269
2206.0999999999995 0.347871901
2185.1999999999994 0.381339907
2274.0999999999995 0.3901247
2394.7 0.353442429
2284.5999999999995 0.431060806
2201 0.37121931
2400.8 0.355672332
2264.4 0.33810932
2194.2000000000003 0.403075973
2268.8 0.378515474
2370.7999999999997 0.45555747
2216 0.35000694
2183.9999999999995 0.405220416
2196.7999999999997 0.397418826
2149.7 0.350872169
2086.4 0.403911257
2362.6999999999994 0.40704878
2270.5999999999995 0.474487544
2274.7000000000003 0.34339492
2264.9999999999995 0.325615048
2289.3 0.383013942
2330.2999999999993 0.29083819
2211.4999999999995 0.392319863
2381.4999999999995 0.410701442
2380.0999999999995 0.436329954
2394.9999999999995 0.405928681
2015.399999999999 0.44066543
2136.2999999999997 0.334182416
2354.1000000000004 0.368539696
2334.9999999999995 0.438876006
2232.4999999999995 0.338136442
2253.099999999999 0.302644454
2173.2 0.358142517
2259.8999999999996 0.344018005
2413.7999999999993 0.330034321
2078.7999999999997 0.384947946
2169.0999999999995 0.454925742
2277.6 0.376671051
2379.3 0.519598292
2247.0999999999995 0.525328665
2389.899999999999 0.613668682
2365.8999999999996 0.609290458
2133.1 0.52615536
2291.499999999999 0.482155255
2347.9999999999995 0.490801956
2315.8999999999996 0.572040278
2249.7 0.507723353
2416.999999999999 0.589025593
2169.3999999999996 0.426341106
2301.3999999999996 0.247081997
2362.7999999999997 0.324219334
2408.5000000000005 0.426308522
2417.6999999999994 0.380182247
2224 0.344743426
2356.2 0.326053091
2245.2999999999997 0.458588185
2160.6000000000004 0.344197261
2235.6999999999994 0.411190162
2243.7999999999993 0.317491427
2386.4 0.388275608
2401.1 0.369287854
2101.7999999999993 0.389025023
2112.7999999999997 0.432876429
2301.3 0.328896336
2223.799999999999 0.332872682
2217 0.337004232
2311.600000000001 0.336023829
2300.7999999999993 0.362367789
2319.299999999999 0.372001641
2226.5999999999995 0.348950739
2144.5999999999995 0.428450051
2055.899999999999 0.303901059
2273.6000000000004 0.396599459
2303.9 0.329401038
2195.0999999999995 0.395400888
2311.7000000000003 0.398919752
2109.2 0.272234008
2234.2999999999997 0.422249072
2198.4 0.421314704
2309.1 0.427577767
2122.3 0.438107743
2289.7999999999997 0.36053523
2343.7999999999997 0.408666062
2338.5999999999995 0.355182336
2316.2999999999997 0.302985802
2184.7 0.342640273
2362.9999999999995 0.412924798
2356.4000000000005 0.3654883
2282.5999999999995 0.404436533
2191.2000000000003 0.304511044
2232 0.317175879
2384.9999999999995 0.417564136
2465.6999999999994 0.419317965
2192.9999999999995 0.338119894
2318.3999999999996 0.32539364
2284.8000000000006 0.344121285
2408.7999999999997 0.335846737
2144.7 0.387239882
2336.8 0.357521904
2400.1000000000004 0.377692854
2274.399999999999 0.349822865
2033.9999999999995 0.349809611
2387.5 0.305839112
2250.6999999999994 0.354045823
2351.299999999999 0.452476302
2327.5 0.318373067
2192.5 0.30914095
2312.7999999999997 0.400953974
2376.7999999999997 0.392990851
2263.9999999999995 0.346672687
2180.1 0.352442249
2277.3 0.349961818
2251.2000000000003 0.409860737
2187.8999999999996 0.434098534
2304.4 0.366068363
2320.4000000000005 0.360717798
2293.7 0.253543132
2177.6999999999994 0.333062721
2315.6 0.335795784
2270.3 0.46287149
2293 0.408253582
2367.8999999999996 0.428076535
2214.0999999999995 0.396895723
2228.7 0.310362757
2251.1999999999994 0.342448848
2176.8 0.423408472
2337.5 0.346333911
2392.1 0.331448413
2278.9 0.380901594
2329.899999999999 0.303380093
2288.9 0.363019977
2242.7000000000003 0.309981064
2321.3999999999996 0.398546483
2087.699999999999 0.368908192
2232.3000000000006 0.424756468
2155.7999999999997 0.349555959
2309.7 0.272882391
2326.7000000000007 0.287259834
2203.8 0.382174345
2162.1999999999994 0.388477784
2191.2999999999993 0.423366091
2333 0.466354424
2324.1000000000004 0.386976693
2238.1999999999994 0.408181337
2210.7 0.380408519
2239.5999999999995 0.424303447
2328.6 0.452253428
2276.3999999999996 0.443697387
2089.8999999999996 0.466357699
2309.2999999999997 0.462455146
2283.3 0.416202194
2255.2999999999993 0.451893128
2312.9 0.406045469
2474.2999999999993 0.398908745
2311 0.362374783
2258.7999999999997 0.408106758
2249.9999999999995 0.413386318
2257.7999999999993 0.346961763
2402.4999999999995 0.383293882
2173.7000000000007 0.325058013
2418.4 0.373284069
2412.7000000000003 0.354561777
2195.3999999999996 0.407917714
2339.2999999999997 0.366869855
2339 0.409304967
2162.2999999999997 0.337560733
2296.499999999999 0.352739943
2446.8 0.407580679
2432.1 0.412796107
2123.1 0.320201469
2355.4999999999995 0.367270087
2428.3999999999996 0.444689884
2307.7999999999997 0.299360535
2292.2 0.305244042
2119.5 0.490941716
2362.3 0.647098776
2319.1 0.442063223
2180.1999999999994 0.457320604
2166.9999999999995 0.497631423
2188.9999999999995 0.535506476
2333.3 0.483466929
2278 0.472109653
2175.999999999999 0.487773748
2242.7999999999997 0.595790544
2208.2999999999997 0.365636585
2174.3999999999996 0.357681563
2235.4999999999995 0.295175051
2298.1 0.465378914
2288.7 0.35767189
2251.5 0.414433541
2349.3999999999996 0.376328772
2271.899999999999 0.365762857
2205.7 0.425225403
2316.9999999999995 0.336888537
2235.3 0.312928796
2063.2 0.416799407
2254.5999999999995 0.385232533
2314.2000000000003 0.331507401
2158.5999999999995 0.341428894
2254.5 0.277271871
2115.3999999999996 0.438491283
2127.7 0.386585241
2212.599999999999 0.36986546
2408 0.32021805
2274.2000000000003 0.321940468
2184.3999999999996 0.410774301
2356.3999999999996 0.451587877
2210.4999999999995 0.366694688
2171.2999999999997 0.417853508
2120.3 0.41022869
2331.7000000000003 0.34625733
2313.2999999999993 0.384332176
2292.2000000000003 0.354959235
2293.4 0.295608287
2302.5999999999995 0.454933862
2236.2 0.386821825
2312.1000000000004 0.340846024
2453.4000000000005 0.343748558
2264.7999999999997 0.325919675
2262.7 0.299362715
2159.7000000000003 0.352590737
2226.3 0.329071616
2370.0000000000005 0.431222712
2367.7 0.505459468
2242.2999999999997 0.430597566
2117.5999999999995 0.409584161
2304 0.367612964
2248.1999999999994 0.387831973
2133.899999999999 0.308967834
2110.2 0.327146677
2393.5000000000005 0.426721664
2325.2 0.404708607
2367.9999999999995 0.333773466
2160.2 0.37571506
2295.0999999999995 0.444854897
2244.7 0.481402926
2315.9999999999995 0.359599693
2208.2999999999997 0.296296308
2449.4 0.413343091
2360.7999999999997 0.46067064
2205.7000000000003 0.435952508
2394.5 0.350816793
2209.1 0.473391062
2299.8999999999996 0.324760408
2381.5 0.327270263
2239.2999999999997 0.404300824
2430.1000000000004 0.488988092
2441.8 0.421852002
2282.7 0.407338521
2233.2 0.341089228
2330.3 0.353860363
2370.2000000000003 0.380099453
2264.0999999999995 0.327531517
2257.6000000000004 0.376414907
2170.5 0.453490578
2401.599999999999 0.472451029
2291.3 0.392519973
2440.7999999999997 0.458284478
2301.899999999999 0.403518833
2295.4 0.438153195
2259.999999999999 0.346961296
2225.5 0.322421374
2187.5999999999995 0.452110941
2414.3 0.378744239
2307.5 0.325858176
2368.7999999999993 0.465067942
2269.7999999999997 0.327419253
2281.8 0.394687629
2397.1 0.39304977
2218.7999999999997 0.418778041
2160.7999999999997 0.398704594
2292.399999999999 0.444846383
2314.0000000000005 0.273553784
2275.6 0.460648393
2175.999999999999 0.33661309
2157.7999999999997 0.377298535
2175.1999999999994 0.475648995
2286.799999999999 0.385312095
2285.8 0.370033078
2339.7 0.48234045
2099 0.461459574
2081.4 0.404375513
2397.3 0.391927978
2410.3999999999996 0.377810115
2127.3 0.425785364
2062.3 0.414094293
2276.7 0.442667578
2209.7999999999997 0.313504221
2368.5 0.312598965
2252.0000000000005 0.397595566
2130.5999999999995 0.343385883
2316 0.462387644
2452.6 0.415817874
2199.9 0.409831189
2392.9999999999995 0.460441379
2155.1000000000004 0.261386524
2344.399999999999 0.328715469
2118.8 0.399942893
2229.5999999999995 0.359121081
2246.8999999999996 0.321140835
2143.5999999999995 0.372844623
2337 0.434083598
2302.7000000000003 0.417116644
2205.7000000000003 0.47699804
2161.8999999999996 0.383937714
2078.0999999999995 0.325487793
2301.6 0.400441217
2273.4 0.558417614
2344.3 0.473734291
2251.2999999999997 0.382723874
2128.2999999999997 0.459912416
2283.0999999999995 0.563496172
2199.6 0.530955862
2191.2000000000003 0.601157541
2333.8 0.407181701
2313.7999999999997 0.52232036
2287.2 0.631171562
2295.4 0.389669802
2321.1 0.361711869
2249.9 0.390671201
2312.1 0.356553628
2369 0.428851083
2150.6 0.378787932
2163 0.354548133
2322.4 0.309045532
2277.8999999999996 0.287292989
2198.2999999999997 0.382357396
2277.9 0.379263475
2256.2999999999997 0.43149161
2305.3 0.362193869
2197 0.414464342
2548.3999999999996 0.337370116
2369.2999999999997 0.301390207
2440 0.378528229
2363.5999999999995 0.374047896
2261.2 0.343913355
2114.7999999999993 0.329554389
2241.8 0.341080347
2277.7999999999997 0.392877829
2267.8999999999996 0.368141319
2324.5999999999995 0.276743756
2109.5 0.511472472
2363.7999999999997 0.356171059
2236.2 0.411762353
2323.9 0.338903897
2388.7000000000007 0.364139489
2410.6 0.336208747
2324.2 0.361879421
2186.4 0.312492271
2375.2000000000003 0.426922138
2283.5 0.457896134
2329.2000000000003 0.260568368
2434.8 0.315946789
2437.399999999999 0.366668983
2149.9999999999995 0.315262151
2252.1 0.346271272
2259.5000000000005 0.417706258
2344.2999999999993 0.373480198
2265 0.459140579
2343.199999999999 0.344658044
2221.2999999999997 0.351636624
2276.7999999999997 0.326962866
2304.8 0.327510351
2179 0.421326176
2280.3999999999996 0.36101201
2415.400000000001 0.372157977
2182.2999999999997 0.337002818
2287.8 0.308534722
2275.8999999999996 0.450979605
2271.599999999999 0.38573388
2217.3 0.39060646
2229.7999999999993 0.410025585
2163.7999999999997 0.351570789
2277.3 0.405858748
2126.7 0.38711569
2083.9999999999995 0.409979954
2357.5000000000005 0.504829301
2217.3 0.348040452
2491.2999999999997 0.349548384
2286.2000000000007 0.340657205
2422.8999999999996 0.314280867
2271.0999999999995 0.36765947
2259.2000000000003 0.48437934
2197.3999999999996 0.335878235
2133.499999999999 0.393167814
2364.2000000000003 0.388237019
2311.5 0.323593081
2307.2000000000003 0.31813517
2234.5 0.382151404
2241.7 0.504913469
2235.4999999999995 0.421757374
2427.8 0.366052298
2268.2999999999997 0.450122809
2258.9999999999995 0.386010176
2262.7000000000003 0.436670136
2242.2000000000003 0.467627146
2295.2000000000003 0.385815947
2225.1 0.314851567
2359.7999999999997 0.411043888
2295.9999999999995 0.34143797
2344.4 0.39312798
2245.6 0.369327056
2281.4999999999995 0.34853984
2108 0.349032931
2209.1 0.415573218
2148.7999999999993 0.353553757
2215.8999999999996 0.438089614
2261.4 0.299711652
2471.399999999999 0.408184817
2427 0.339630925
2476.5 0.385132447
2366.8000000000006 0.44773427
2428.8 0.294080739
2335.5 0.369811057
2244.8999999999996 0.491329635
2305.8 0.394068481
2134.5 0.407091296
2292.5 0.42795806
2130.6000000000004 0.376398617
2261.1 0.39507809
2165.2999999999997 0.410961663
2130 0.385024632
2260.7999999999997 0.363930618
2203.7 0.425091306
2093.1 0.445903429
2225.4 0.40690384
2348.2999999999997 0.417985869
2486.9000000000005 0.341667418
2119.5999999999995 0.351501485
2154.7000000000003 0.335687855
2450.8999999999996 0.431927833
2450.5999999999995 0.333309479
2335.2 0.360872259
2387.599999999999 0.392988194
2349.1999999999994 0.424433606
2265.6 0.323316488
2105.2 0.32018636
2313.0999999999995 0.424221682
2223.7000000000007 0.330725548
2232.1 0.354891462
2312.7 0.414835495
2202.3000000000006 0.345647658
2318.1 0.621110974
2158.2999999999997 0.475176854
2202.4000000000005 0.548659494
2331.4 0.446641856
2165.1 0.607518053
2498.8 0.370106967
2271.6 0.589038109
2276.6 0.445603054
2368.2 0.499077438
2330.1000000000004 0.582323251
2324.2 0.408196822
2324.6 0.345973614
2274.5 0.330187481
2227 0.373600051
2146.2999999999997 0.378430372
2392.7999999999993 0.376897507
2336.2999999999997 0.310647619
2187.5999999999995 0.306131458
2357 0.247509689
2177.1 0.39885275
2379.7 0.38391807
2334.7 0.468533243
2128.4 0.391417281
2181.6000000000004 0.342595536
2157.2999999999997 0.393543215
2222 0.338197203
2479.999999999999 0.419912823
2312.4999999999995 0.327799584
2311.9999999999995 0.443541919
2258.9 0.397735442
2143.6999999999994 0.316306964
2063.2 0.438159553
2377.7000000000003 0.291244653
2420.1999999999994 0.376061473
2253.2 0.335134422
2330.2999999999997 0.362420823
2401.6 0.402117493
2303.7999999999997 0.365850722
2224.9 0.359251923
2208.3 0.334869302
2260.7 0.413199466
2124.7999999999997 0.396224741
2442.3999999999987 0.44832132
2322.1 0.424944356
2316.8999999999996 0.337807747
2249.9 0.376170638
2466.4000000000005 0.439736808
2250 0.351722606
2139.8 0.401443014
2115.5999999999995 0.292088489
2135.0999999999995 0.447396098
2214.8999999999996 0.280531137
2109.0999999999995 0.351933403
2162.2 0.35243499
2364.7 0.338745975
2297.7 0.361068429
2105.5999999999995 0.400016159
2273.2 0.381873158
2249.0000000000005 0.368422235
2249 0.407476051
2349.2 0.302679829
2455.399999999999 0.407737691
2078.0999999999995 0.284754801
2186.2000000000003 0.434435298
2347.899999999999 0.37222546
2156.2999999999997 0.27081158
2104.3999999999996 0.347995136
2350.8000000000006 0.353583933
2306.8999999999996 0.349898087
2053.3 0.439708575
2379.0999999999995 0.355992554
2316.199999999999 0.369931171
2119.9999999999995 0.42420772
2133.2999999999997 0.296078161
2240.3 0.409087935
2259.7000000000003 0.35100301
2277.4999999999995 0.335462802
2142.6 0.435475807
2226.2 0.442859464
2167.0999999999995 0.473135655
2293.8 0.356952759
2180.7999999999997 0.387252576
2340.7999999999993 0.451272043
2233.7 0.399270401
2054.7999999999997 0.393277375
2399.5 0.473721471
2138.6999999999994 0.38799979
2281.2000000000003 0.26537034
2251.4 0.384195337
2321.2999999999993 0.408991724
2353.2999999999997 0.356035084
2181 0.421966707
2300.1000000000004 0.363223328
2347.6 0.324205451
2192.4 0.412529503
2080.1999999999994 0.31742879
2264.2 0.372477913
2199.0999999999995 0.357793641
2342.8999999999996 0.382814378
2144.0999999999995 0.383443055
2328.3999999999996 0.383238095
2104.8999999999996 0.428165729
2271.2999999999993 0.32649217
2294.299999999999 0.469395681
2042.8 0.341165579
2290.4999999999995 0.282923034
2276 0.469145593
2349.2999999999997 0.338749417
2227.1000000000004 0.464448909
2296.7999999999997 0.252800536
2230.2999999999997 0.304172345
2223.6999999999994 0.346760968
2272.3999999999996 0.475443429
2192.9 0.326962826
2303.5 0.394782613
2402.1 0.351501783
2205.8999999999996 0.38223799
2256.4 0.379770077
2165.7999999999997 0.382886058
2541.2999999999997 0.210225424
2238.7999999999993 0.382363197
2291.7 0.387104687
2191.4999999999995 0.402861495
2217 0.42748749
2319.9999999999995 0.398590359
2420.1999999999994 0.408976639
2316.9999999999995 0.378411921
2269.6 0.501363382
2431.899999999999 0.338862266
2280.2000000000003 0.464699822
2309.0999999999995 0.3529492
2208.399999999999 0.435147549
2260.1 0.452928251
2338.2999999999997 0.397061749
2241.999999999999 0.393197306
2138.0999999999995 0.34411483
2337 0.558755593
2253.8999999999996 0.522499347
2177.2 0.67537516
2301 0.495805209
2253.9999999999995 0.544926534
2299.7999999999997 0.577081089
2094.6 0.507493316
2309.8999999999996 0.573698721
2162.5 0.471253522
2178.4999999999995 0.54600473
2351.1999999999994 0.381442342
2350.0000000000005 0.333596982
2278.1999999999994 0.373627326
2136.2999999999993 0.337633019
2261.0000000000005 0.379023226
2199.3 0.36785805
2447.2 0.290950862
2264.9 0.273140809
2297.699999999999 0.325086343
2158.2999999999997 0.432925515
2200.499999999999 0.376033905
2197.8999999999996 0.331292124
2388.3 0.405858033
2405.2999999999997 0.29271464
2408.1000000000004 0.41459718
2279.2000000000003 0.342621301
2488.2999999999993 0.270891749
2245.5000000000005 0.316527696
2305.6 0.326727616
2287.2999999999997 0.326025952
2319.8999999999996 0.285559887
2386 0.330023201
2335.999999999999 0.354693284
2304.2000000000003 0.25361022
2328.6 0.323146347
2417.6000000000004 0.301953519
2158.4999999999995 0.414508851
2304.2 0.377912951
2283.8999999999996 0.358850754
2388.2000000000003 0.31662085
2435.499999999999 0.382112556
2397.5 0.420295015
2398.6 0.286938042
2362.3999999999996 0.349736478
2330.100000000001 0.393519991
2364.7999999999997 0.410592802
2100.8999999999996 0.412692514
2314.9999999999995 0.430849018
2322.7 0.351890313
2341.399999999999 0.407275928
2303 0.347105455
2240.3999999999996 0.309430172
2234.5 0.321685269
2158.9000000000005 0.380178986
2366.1000000000004 0.275111471
2256.8999999999996 0.36513697
2156.8999999999996 0.421018198
2052.0000000000005 0.336891897
2386.499999999999 0.448588588
2327.3999999999996 0.371498944
2238.399999999999 0.339462657
2114.2 0.40109451
2052.8999999999996 0.420829451
2320.0999999999995 0.416377208
2415.2 0.303076604
2113.0999999999995 0.283314274
2322.2999999999997 0.376464305
2323.2 0.427027309
2247.4 0.374399189
2285.5 0.412706469
2187.6 0.422917974
2326.4 0.253932319
2293.5999999999995 0.352093431
2269.6 0.330639564
2157.1 0.331653225
2134.6 0.433674072
2333.4999999999995 0.363559816
2368.8999999999996 0.383955693
2264.2999999999993 0.447405396
2442.4000000000005 0.493552195
2286.599999999999 0.397033141
2296.4000000000005 0.370399912
2198.0000000000005 0.378976167
2372.3 0.507790129
2289.6 0.380532241
2361.3 0.442212196
2173.1 0.384920026
2380 0.369406638
2289.5999999999995 0.324828469
2289.600000000001 0.379868109
2276.6 0.404743363
2161.7 0.410285188
2308.1 0.311079524
2206.5999999999995 0.389744045
2294.3999999999996 0.365957693
2337.8 0.304346958
2250.3 0.380650333
2294.4 0.38030369
2290.9999999999995 0.313994406
2314.7999999999997 0.363484785
2387.7 0.283760826
2289.1999999999994 0.339110948
2256.299999999999 0.311844338
2249.2999999999997 0.329721567
2510.1999999999994 0.366783479
2384.2 0.397362924
2127.2 0.399494143
2136.9999999999995 0.411337583
2213.7000000000003 0.422252715
2349.7 0.351585949
2178.5999999999995 0.32686967
2300.7 0.405690013
2245.4000000000005 0.431214403
2327 0.410894313
2169.5999999999995 0.476169564
2278.2999999999997 0.392289261
2355.799999999999 0.327759114
2243.7999999999993 0.429605322
2284.4 0.349655649
2184.3 0.258822575
2211.8 0.493564974
2335 0.296827219
2311.9999999999995 0.350772221
2192.2999999999997 0.348051032
2296.5 0.37940226
2275.7999999999997 0.306086337
2077.5999999999995 0.368756364
2264.0999999999995 0.3270033
2278.8999999999996 0.429177268
2400.7000000000007 0.436209347
2123.3 0.396837939
2256.7 0.384454053
2389.4 0.379090753
2200.0999999999995 0.435132218
2278.7000000000003 0.370317377
2227.6999999999994 0.302885543
2194.8999999999987 0.413600265
2119.3 0.359016582
2130.5 0.493020049
2152.7999999999993 0.638756006
2108.1999999999994 0.482798999
2350.100000000001 0.608280156
2308.4000000000005 0.412439594
2150.7999999999997 0.447026403
2297.6 0.469480379
2149.7999999999997 0.606430149
2391.6999999999994 0.388037076
2251.1 0.570862794
2208.7999999999997 0.401541286
2412.8 0.281109436
2369.1000000000004 0.447538858
2230.0999999999995 0.394968874
2249.7999999999997 0.308501492
2202.3 0.296789385
2230.3 0.324155108
2198.4999999999995 0.363491021
2308.6999999999994 0.324872164
2256.6999999999994 0.298930312
2212.2000000000003 0.326951588
2376.3999999999996 0.346877727
2248.7999999999997 0.380787856
2222.8 0.332058873
2275.1999999999994 0.371031007
2209.6 0.356963797
2426.2000000000003 0.378017744
2311.1999999999994 0.4128887
2215.6 0.398304696
2305.9 0.274383175
2171.8 0.43008567
2151.1 0.319502305
2165.5999999999995 0.400841688
2291.3999999999996 0.402784612
2402.6000000000004 0.335996874
2153.2999999999993 0.411715113
2112.2999999999997 0.369513502
2336.7 0.396210498
2302.7000000000003 0.414208174
2154.899999999999 0.300980486
2162.3999999999996 0.311893368
2229.2999999999997 0.375897978
2219.2 0.318324917
2192.3999999999996 0.433860023
2333.499999999999 0.366748792
2292 0.300591959
2372.6 0.363248075
2351.7999999999997 0.400090118
2289.2000000000003 0.410316187
2273.3999999999996 0.330122256
2096.7 0.370525763
2206.7999999999993 0.320875155
2372.1999999999994 0.319457714
2271.8999999999996 0.411398356
2251.9999999999995 0.29281839
2078.6 0.384750757
2254.0999999999995 0.353977068
2334.1999999999994 0.414467074
2098.8 0.368322056
2102.9 0.299255167
2252.5999999999995 0.420025095
2424.9 0.394943799
2370.5999999999995 0.345924578
2230.1000000000004 0.281190855
2203.7 0.30325618
2245.8999999999996 0.406033282
2187.3999999999996 0.352423099
2148.2 0.469222154
2247.8999999999996 0.419915979
2220.2999999999997 0.411459223
2338.7 0.332110406
2374.200000000001 0.333329945
2026.8999999999996 0.361812045
2211.6000000000004 0.41066566
2120.5 0.466654027
2327.7999999999997 0.38134841
2186.5 0.34199832
2203.5999999999995 0.343220738
2140.3999999999996 0.281913616
2138.8999999999996 0.323834098
2161 0.358134556
2306.8999999999996 0.362266382
2175.7 0.487971667
2408.999999999999 0.465943714
2170.899999999999 0.403031265
2215.7999999999997 0.316454334
2304.6 0.216169764
2379.9 0.379496578
2162.2 0.378348432
2336.6 0.419748846
2301.0999999999995 0.435180745
2390.9999999999995 0.3914142
2269.4 0.372587814
2140.9999999999995 0.258849736
2313.6999999999994 0.396227384
2270 0.457921331
2267 0.359827174
2189.0999999999995 0.297727226
2228.7 0.446485979
2382.6000000000004 0.432090043
2296.2999999999997 0.434555067
2169 0.447853786
2374 0.272889191
2201.9 0.4277341
2163 0.423487741
2389.3000000000006 0.376466739
2187.5 0.413364065
2313.6 0.375320992
2269.2999999999997 0.43651687
2359.4999999999995 0.454697063
2248.2999999999997 0.400694329
2212 0.425148502
2365.2000000000003 0.391687367
2170.1 0.393451926
2341.3999999999996 0.291113856
2262.9999999999995 0.412583589
2188.6 0.411988743
2375.0000000000005 0.473780074
2141.0999999999995 0.311017834
2211.2 0.334890064
2128.7999999999997 0.285180835
2307.1000000000004 0.413734037
2255.5000000000005 0.376654843
2407 0.472213429
2175.3999999999996 0.491576969
2309.2000000000003 0.356735298
2288.6 0.33759242
2236.7 0.31468969
2273.6 0.364844968
2308.0999999999995 0.386200921
2095.3999999999996 0.368216444
2391.4 0.278219586
2262.4999999999995 0.352234629
2212.2999999999997 0.340716751
2185.7 0.38654117
2170.7 0.39417796
2212.7999999999997 0.404014145
2349.7999999999997 0.467190195
2163.6 0.517910171
2302.6 0.477344606
2124.2 0.565621654
2118.2999999999993 0.591019027
2290.4 0.458658159
2254.9 0.45146363
2328.5 0.547969848
2286.6 0.490631829
2091.899999999999 0.585141021
2158.1 0.438350995
2340.3 0.402065697
2022.4999999999995 0.328760158
2310.8999999999996 0.342038577
2205.1000000000004 0.416560883
2307.2000000000003 0.425060592
2388.6 0.382363141
2387.3999999999996 0.377966168
2342.4999999999995 0.35016524
2407.5 0.435150613
2173.1999999999994 0.419475259
2299.1 0.374211166
2377.5999999999995 0.368847912
2135.1000000000004 0.332425339
2038.7999999999997 0.359846005
2154.8999999999996 0.373480124
2256.7 0.374187108
2042.8999999999999 0.313643772
2385.2000000000003 0.326460854
2188.6000000000004 0.3700043
2148.8999999999996 0.373547987
2396.9000000000005 0.352961839
2351.7999999999997 0.344023516
2078.8999999999996 0.281437793
2124.6999999999994 0.418554519
2380.2 0.373386631
2163.5999999999995 0.356769463
2260.5999999999995 0.408126136
2126.2 0.443416396
2185 0.438691693
2197.999999999999 0.398823202
2433.7999999999993 0.349918902
2389.9000000000005 0.348418518
2138.5 0.250539036
2301.1000000000004 0.304967957
2192.6999999999994 0.361633189
2294.3999999999996 0.396594168
2296.8000000000006 0.402517187
2218.399999999999 0.398044854
2188.9999999999995 0.314874955
2368.8999999999996 0.338251552
2433.6999999999994 0.389050227
2230.8999999999996 0.317601904
2220.0999999999995 0.38917255
2125.5999999999995 0.458789689
2393.4999999999995 0.303500369
2281.7999999999997 0.337665284
2301.1999999999994 0.415535857
2180.7999999999997 0.455067465
2173.8 0.431096228
2138.1000000000004 0.385368249
2249.3999999999996 0.328042603
2175.0999999999995 0.319376107
2028.8999999999996 0.332799291
2248.9 0.331002442
2471.6 0.462749436
2273.2999999999997 0.387377929
2294.6000000000004 0.331387972
2275.5 0.39752743
2211.4000000000005 0.457499288
2192.5 0.413490615
2340.3 0.311184869
2324.6 0.430690867
2027.7999999999997 0.407477018
2313.3 0.385297291
2080.1 0.360387943
2335.7999999999993 0.330188857
2361.1 0.321008415
2232 0.485726767
2331.7 0.270919426
2345.9000000000005 0.339220652
2368.7000000000003 0.312812691
2165 0.339646512
2252.2999999999993 0.344942009
2267.100000000001 0.309708526
2129.2000000000003 0.419902432
2248.1999999999994 0.359075469
2302.899999999999 0.360015184
2310.9 0.354984918
2273.4999999999995 0.460026412
2183.7 0.39472945
2222.6 0.415176886
2275.2000000000003 0.487440956
2275.7 0.389906689
2165.2 0.374670296
2209.7999999999993 0.352024695
2305.2999999999993 0.431122405
2249.7000000000003 0.475824084
2201.2 0.377097123
2368.5999999999995 0.305752506
2330.6 0.333034623
2358.4 0.382069552
2179.6999999999994 0.426163358
2320.2999999999997 0.315510453
2321.6 0.322661686
2293.3 0.387764675
2326.7999999999997 0.378983446
2199.8999999999996 0.440117347
2334.0999999999995 0.407882332
2477.2999999999993 0.387776873
2214 0.454677911
2170.199999999999 0.332854252
2350.9999999999995 0.306991995
2378.3999999999996 0.359401114
2297.2999999999997 0.319364182
2369.2999999999993 0.456302035
2255.9 0.452954092
2208.3999999999996 0.499085154
2304.9 0.341983894
2193.2999999999993 0.448034548
2425.0999999999995 0.406896973
2109.7 0.326884782
2259.2 0.297030451
2155.7999999999997 0.330281391
2296.9999999999995 0.349143562
2301.5 0.338633415
2405.5999999999995 0.453511563
2399.7999999999997 0.372991152
2331.2 0.473312859
2264.2 0.431283222
2418.7999999999993 0.351373135
2366.2999999999993 0.425648609
2324.8999999999996 0.33363075
2300.3 0.253991825
2312.0999999999995 0.298458192
2378.3 0.355997855
2514.6 0.444975709
2093.7999999999993 0.620279342
2198.8 0.463494862
2292.2 0.530168848
2241.7999999999997 0.481097044
2197.6999999999994 0.337063889
2219.6 0.423207535
2257.2 0.503406639
2103.7 0.469962356
2272.5 0.514468446
2334.1 0.470147131
2247.1 0.438371608
2429.4 0.379413344
2298.7 0.342677677
2369.2999999999997 0.330763366
2227.599999999999 0.332473033
2364.099999999999 0.414506023
2329.3 0.374929877
2324.9 0.442031817
2345.5 0.331399839
2193.4999999999995 0.305050476
2128.9999999999995 0.381423113
2385.6 0.376684385
2277.9999999999995 0.371231072
2127.5999999999995 0.267326609
2399.9 0.310446994
2204.2999999999997 0.267164398
2275.9 0.380495709
2212.1000000000004 0.38083408
2223.2 0.435865906
2339.5000000000005 0.311259044
2105.1 0.403875728
2340.299999999999 0.392524847
2175.7 0.356671619
2315.4 0.401894951
2421.7999999999997 0.419272759
2369.8999999999996 0.409030752
2254.6 0.457815755
2262.9 0.349533667
2155.7999999999997 0.412111906
2156.2 0.378937564
2203.9000000000005 0.37601669
2335.2000000000007 0.348722658
2202.3 0.394885726
2411.9999999999995 0.357825542
2287.2999999999997 0.359256031
2298.399999999999 0.358371637
2292.2999999999993 0.370600556
2140.2999999999997 0.405456502
2184 0.350671533
2267.3 0.403529123
2302.199999999999 0.487092195
2322.9999999999995 0.388368312
2292.2 0.320005994
2206.5000000000005 0.381693291
2401.0999999999995 0.457647175
2239 0.453888463
2322.3 0.465287664
2165.7999999999997 0.369962344
2176.4999999999995 0.367601811
2232.1 0.443628262
2299.7000000000003 0.322510224
2289.8999999999996 0.447251216
2142.4 0.350124986
2100.7999999999993 0.371848548
2398.7999999999997 0.335886568
2222.2 0.401945006
2484 0.38187958
2279.9000000000005 0.424033097
2164.2999999999997 0.314370225
2343.0999999999995 0.249510081
2217.8999999999996 0.366908053
2239.499999999999 0.415240642
2469.2999999999997 0.310089315
2267.9999999999995 0.32376
2239.9999999999995 0.396937811
2196.9999999999995 0.435416184
2148 0.426663691
2288.5000000000005 0.313113915
2288.5999999999995 0.394399526
2278.7 0.351174675
2145.8999999999996 0.401745857
2126.2 0.504693227
2377.999999999999 0.408616989
2397.8999999999996 0.380056911
2287.1999999999994 0.372545708
2290.399999999999 0.369982347
2357.4999999999995 0.408352579
2351.1 0.353254086
2409.0999999999995 0.252520178
2232.2 0.342995522
2266.4 0.354811224
2315.2 0.380013385
2158.7999999999997 0.396474756
2345.2999999999997 0.372538244
2261.2999999999997 0.338380965
2224.8 0.335297585
2418.9 0.448064515
2248.6999999999994 0.388028586
2232.4 0.423219709
2154.6 0.350395676
2434.7999999999997 0.330222766
2239.7999999999997 0.45670679
2321.2999999999997 0.398251603
2140.1 0.41101671
2361.2999999999997 0.334343899
2119.2999999999993 0.410282302
2284.7999999999997 0.333877972
2382.1 0.321674662
2296.999999999999 0.305611077
2130.8999999999996 0.350193838
2412.2999999999993 0.352404263
2317.5999999999995 0.381226245
2368.9000000000005 0.396922293
2200.5 0.386633596
2236.6999999999994 0.376000319
2129.5 0.422337003
2153.7999999999997 0.40480266
2305 0.383155123
2390.1 0.392155508
2337.899999999999 0.401194621
2355.399999999999 0.333154176
2136.7999999999993 0.326512401
2305.9999999999995 0.379597671
2287.7 0.418342246
2190.4 0.355233
2287.5 0.364776228
2367.2999999999997 0.334222815
2243.3 0.326569538
2237.0999999999995 0.428202954
2272.6000000000004 0.423459641
2275.3000000000006 0.438489709
2196.4999999999995 0.369118049
2394 0.335612164
2164.2 0.401929507
2505.6999999999994 0.380326313
2261.8999999999996 0.428571664
2216.3999999999996 0.466377437
2306.1 0.567242611
2485.9999999999995 0.578041481
2317.599999999999 0.620579029
2215.3999999999996 0.490891704
2284.6000000000004 0.482401055
2306.5999999999995 0.473321104
2161.7999999999993 0.616588916
2244 0.382705656
2277.3999999999996 0.401908125
2258.2000000000003 0.356851638
2211 0.416303229
2148.9 0.325457241
2381.7000000000003 0.408454503
2086.8 0.446041651
2347.3999999999996 0.418105024
2198.1000000000004 0.449695876
2165.8999999999996 0.281197656
2294.8 0.37950439
2416.3 0.301605478
2197.8999999999996 0.345317906
2248.099999999999 0.354814754
2129.999999999999 0.408907074
2309.5 0.380514994
2436.6 0.284354097
2296.7999999999993 0.307657658
1989.3 0.401564651
2324.099999999999 0.364835346
2344.1 0.356567864
2251.6 0.350389015
2381.7 0.379713171
2172.7999999999997 0.359025528
2174.3999999999996 0.385679694
2067.4 0.39794778
2360.9 0.363184646
2252.7 0.387212945
2403.2 0.369963038
2333.9000000000005 0.370483443
2255.8 0.350358837
2282.7999999999997 0.439847891
2347.1 0.364866542
2285.2 0.456719493
2239.2 0.395585562
2413.4999999999995 0.395499766
2336.5 0.340696172
2329 0.304172735
2249.5 0.473107244
2404.5999999999995 0.263364853
2263.9999999999995 0.382560732
2107.1000000000004 0.417519521
2146.3 0.342805407
2294.3999999999996 0.407032376
2459.7000000000003 0.27817953
2229.5999999999995 0.324585697
2281.7 0.304232239
2406.1 0.369355634
2293.5 0.407862413
2225.2 0.403753097
2178.7999999999997 0.525673882
2162.2 0.323163867
2285.8 0.446883163
2374.3999999999996 0.36965783
2421.5 0.374114366
2329.9 0.380996678
2336.2999999999993 0.432342651
2290.000000000001 0.435779861
2219.6 0.285682354
2335.2999999999997 0.457020582
2295.6999999999994 0.332595524
2117.0999999999995 0.387091239
2199.6000000000004 0.331427209
2380.2000000000003 0.355239322
2385.9 0.414835245
2230.499999999999 0.440043663
2269.9000000000005 0.357407432
2355.7999999999997 0.326405644
2313.1 0.324792722
2344.2 0.440580317
2302.299999999999 0.359429083
2371.8 0.281826003
2122.8999999999996 0.44529341
2226.8999999999996 0.355854881
2333.3999999999996 0.37990045
2418.6999999999994 0.448792008
2407.6 0.279034074
2423.6 0.310602785
2339.2999999999993 0.342523087
2469.2000000000003 0.38511522
2410.4 0.40484169
2141.1999999999994 0.311429739
2491.4000000000005 0.413205765
2430.9 0.327080652
2223 0.329618508
2059.7999999999997 0.358146017
2209.4 0.335439424
2213.3000000000006 0.282913299
2347.1999999999994 0.311000053
2246.8 0.38043121
2361.8999999999996 0.262676592
2317.7999999999997 0.35241229
2122.8999999999996 0.395923755
2123 0.377263486
2170.899999999999 0.362193509
2291.6 0.30790999
2156.2999999999997 0.356129792
2327.7999999999997 0.307165516
2321.5 0.47907715
2250.2 0.358600129
2430.7000000000003 0.400945296
2342.7999999999997 0.323535881
2281.7000000000003 0.357260893
2225.7 0.355869002
2156.2 0.416069224
2313.3999999999996 0.356773625
2289.7999999999997 0.411254801
2298.1 0.273987936
2155.8 0.344255747
2234.4999999999995 0.413724971
2181.8999999999996 0.439549398
2294.6000000000004 0.337819312
2298.2999999999997 0.34037255
2175.3 0.348241789
2268.4999999999995 0.374094803
2408.5999999999995 0.345800996
2450.7 0.419103202
2182.5 0.344974759
2095.5 0.444240469
2153 0.391653708
2516.3 0.448352751
2248.2 0.403625911
2316.8999999999996 0.352695496
2250.2999999999997 0.362316941
1985.9999999999995 0.386647305
2360.7999999999993 0.391788608
2339.2999999999997 0.445095471
2134.6 0.357996589
2148.3 0.507864063
2310.8999999999996 0.548132185
2261.499999999999 0.563140115
2252.899999999999 0.49404705
2267.1999999999994 0.539708457
2270.4999999999995 0.487482867
2383.6 0.367941572
2290.9000000000005 0.483588888
2095.9000000000005 0.569588985
2156.4 0.498913502
2278.0000000000005 0.381543211
2236.4999999999995 0.373117547
2353.7 0.335314013
2014.8999999999996 0.318779055
2309.5999999999995 0.35101123
2228 0.327834043
2265.8999999999996 0.329538982
2279.5999999999995 0.369460784
2399.7000000000003 0.378670816
2287.2000000000003 0.456692983
2134.6999999999994 0.417852139
2328.4 0.32635032
2321.4 0.430191956
2333.0000000000005 0.401856522
2402.9999999999995 0.362614496
2525.699999999999 0.34768968
2073.9 0.450644827
2104.1 0.34497302
2299.0999999999995 0.322566025
2178.9999999999995 0.322341889
2277 0.345225886
2213.5 0.321398194
2357.8999999999996 0.321894149
2292.8999999999996 0.358454398
2280.4 0.334828306
2217.7 0.420925704
2170.9 0.412412631
2229.4999999999995 0.435316344
2145.7 0.298342473
2074.5999999999995 0.343629511
2209.8 0.35225528
2097.2999999999993 0.396217951
2275.6 0.336987721
2273 0.367454519
2239.4999999999995 0.376646193
2223.5 0.358380876
2477.2 0.33847177
2369.6 0.430822657
2291.0999999999995 0.397644208
2389.4 0.329343277
2283.5999999999995 0.365862845
2271.2 0.493703167
2299.4 0.319747522
2328.8000000000006 0.325510929
2337.8 0.330811049
2257.3 0.410319942
2195 0.424661997
2219 0.44330225
2196.8 0.439027913
2357.3 0.37137471
2488.3999999999996 0.355065067
2207.9 0.488183232
2352.2 0.373232324
2258.7 0.378250436
2379.5 0.343223114
2233.2 0.397713009
2113 0.440663008
2218.6 0.427077545
2111.0999999999995 0.392745457
2226.1 0.39631466
2252.399999999999 0.377125176
2116.4 0.490580194
2318.6000000000004 0.307474315
2401.8 0.492865642
2254.2999999999993 0.36889003
2313.9 0.322001547
2417.8999999999996 0.28872418
2145 0.373246439
2144.3999999999996 0.277112256
2321.5 0.351379256
2383.2 0.378739066
2161.7 0.340605515
2154.2999999999997 0.432303448
2286.7999999999997 0.439713763
2288 0.455271996
2166.9 0.318492557
2386.0999999999995 0.458120853
2472.1 0.389424353
2432.9 0.351754224
2116.8 0.333292113
2247.0999999999995 0.369820619
2112.2999999999993 0.402930272
2292.099999999999 0.384000771
2257.2 0.422834338
2110.3 0.4057606
2359.499999999999 0.443756127
2344.0000000000005 0.330424069
2062.2 0.446454211
2180.4 0.435066325
2252.3 0.409746898
2243.2999999999997 0.28994253
2157.8999999999996 0.353699326
2223.7999999999993 0.465063601
2113.8999999999996 0.535271964
2258.899999999999 0.395150325
2126.2999999999997 0.309743993
2363.4999999999995 0.415689869
2251.5 0.36645633
2356.1000000000004 0.362293163
2375.6000000000004 0.325137553
2317.7000000000003 0.311989267
2424.0000000000005 0.43430104
2377.6 0.361838535
2270.8999999999996 0.291094112
1944.4999999999998 0.307090247
2186.6999999999994 0.473184938
2192.3999999999996 0.327626218
2423.7999999999997 0.383552252
2163.2 0.364781383
2455.8 0.351018733
2360.0000000000005 0.390328035
2236.7000000000003 0.416352822
2268.3999999999996 0.41222477
2449.4 0.387445012
2328.499999999999 0.37389394
2224.2999999999993 0.328337269
2144.2 0.247919398
2180.6 0.406739433
2279.1 0.28100853
2338.7999999999997 0.368329989
2400.1000000000004 0.365835198
2196.3999999999996 0.422588439
2099.399999999999 0.368216292
2275.2 0.476462449
2371.2999999999997 0.353124634
