2255 0.45128453
2277 0.496577042
2400 0.490358733
2303 0.599090723
2324 0.623201892
2195 0.569621696
2314 0.389075744
2249 0.529507491
2200 0.566013947
2198 0.569367378
2332 0.5510592
2188 0.579321294
2282 0.371966526
2290 0.460778283
2275 0.359541762
2205 0.422885737
2245 0.357562169
2305 0.3359836
2267 0.366373613
2119 0.376979315
2322 0.400158377
2208 0.339989567
2327 0.356214273
2287 0.312326528
2111 0.369108343
2319 0.389935174
2352 0.400732003
2150 0.336293048
2227 0.317711613
2326 0.394261168
2255 0.317458996
2303 0.399505001
2340 0.333191734
2345 0.41881499
2244 0.442291766
2208 0.485756708
2225 0.431042045
2235 0.334302435
2194 0.300550325
2343 0.472101062
2353 0.43749622
2129 0.453525589
2141 0.332652938
2301 0.319288703
2315 0.401250986
2191 0.329415512
2229 0.403575215
2303 0.3568487
2206 0.38798408
2184 0.381650589
2220 0.345155936
2234 0.345025545
2308 0.500768512
2324 0.358397164
2387 0.415027499
2239 0.297248686
2136 0.36380361
2321 0.343593558
2388 0.364528878
2209 0.391896369
2181 0.428779733
2381 0.382585954
2298 0.422707585
2416 0.331889451
2220 0.415397073
2256 0.417261715
2347 0.396428361
2194 0.374044621
2349 0.390354301
2304 0.390486976
2301 0.459732303
2339 0.401369301
2222 0.380355419
2281 0.389292606
2212 0.433711316
2427 0.432888281
2316 0.2866124
2189 0.45193316
2323 0.453789827
2283 0.461241714
2327 0.511671303
2302 0.35084946
2306 0.466956233
2342 0.339856373
2228 0.405146872
2235 0.406565163
2276 0.316285045
2353 0.513410475
2430 0.531318815
2382 0.393051471
2389 0.431918276
2252 0.328100667
2254 0.316126811
2295 0.406302249
2185 0.390342393
2225 0.398195493
2317 0.36177452
2163 0.477437589
2219 0.469836265
2306 0.474071244
2299 0.422677677
2467 0.353682933
2227 0.310111384
2217 0.378938486
2369 0.342817732
2274 0.336502025
2070 0.435815688
2125 0.381119699
2234 0.350324123
2253 0.473811136
2314 0.396789837
2198 0.386858445
2282 0.263986678
2279 0.402681207
2212 0.378190147
2427 0.326008631
2332 0.39440821
2226 0.322399098
2341 0.383831746
2350 0.472027281
2344 0.390286852
2239 0.396355353
2273 0.338456763
2339 0.389610219
2275 0.368982521
2305 0.458073912
2284 0.289259668
2237 0.387040329
2384 0.334460446
2323 0.441262126
2200 0.406476583
2458 0.316783663
2355 0.534369545
2281 0.385304095
2220 0.350181233
2346 0.712429046
2309 0.46914141
2206 0.610311329
2282 0.426846745
2182 0.475615212
2185 0.555876837
2297 0.452624132
2298 0.585813137
2381 0.554220519
2368 0.499737303
2369 0.475643268
2167 0.494988445
2387 0.449946296
2176 0.347697304
2309 0.424364647
2340 0.410342083
2256 0.289618832
2250 0.33561521
2257 0.391535555
2337 0.343165055
2298 0.400514262
2279 0.372453526
2288 0.36359461
2222 0.354907295
2316 0.379046617
2335 0.365388096
2237 0.364405464
2377 0.328494524
2333 0.387932035
2319 0.346059652
2289 0.370719147
2270 0.240003545
2323 0.377995365
2351 0.355378996
2327 0.339685514
2237 0.351151402
2380 0.396206647
2276 0.396815
2215 0.406762814
2096 0.453351603
2276 0.473736363
2141 0.373376378
2240 0.316559886
2194 0.457867283
2287 0.407778221
2396 0.375778697
2254 0.297077586
2365 0.35116988
2195 0.297669396
2205 0.425729654
2260 0.320193928
2181 0.396062984
2136 0.467671552
2296 0.410362551
2352 0.406010237
2359 0.354141767
2319 0.383428325
2356 0.369816102
2447 0.389698114
2324 0.345367274
2219 0.408452965
2294 0.365081563
2311 0.445591579
2204 0.368333107
2260 0.405938381
2316 0.410765361
2119 0.385794767
2368 0.499438423
2164 0.364467812
2232 0.44240848
2238 0.433237703
2287 0.316116768
2238 0.378163717
2230 0.52515204
2187 0.481722236
2255 0.514285758
2332 0.466682934
2337 0.420824812
2255 0.419711037
2293 0.50914169
2277 0.37157703
2308 0.382751458
2251 0.430895113
2316 0.572458837
2224 0.395915146
2332 0.418582625
2266 0.422274076
2227 0.443997034
2153 0.396285932
2182 0.334303627
2227 0.315980729
2167 0.365432826
2411 0.391556231
2272 0.410046292
2296 0.40144908
2285 0.347948725
2240 0.321134749
2302 0.431447572
2292 0.356699824
2257 0.2954244
2271 0.353575886
2363 0.397034547
2274 0.278150423
2267 0.331874941
2368 0.367208459
2231 0.322946811
2385 0.40795179
2333 0.484809142
2275 0.365859531
2338 0.34619072
2295 0.367167291
2225 0.276852103
2403 0.314610904
2251 0.493420332
2318 0.479966344
2126 0.436969573
2157 0.467333759
2333 0.396258605
2426 0.39367587
2333 0.454726352
2203 0.45246755
2243 0.46102713
2254 0.486341488
2143 0.449509643
2121 0.52944191
2250 0.384522058
2330 0.369628957
2217 0.465280146
2340 0.401819891
2394 0.457850393
2355 0.314099652
2323 0.450409469
2285 0.336522278
2254 0.33620113
2322 0.431364356
2253 0.521233259
2193 0.622642603
2332 0.532193103
2418 0.504130633
2209 0.47391653
2190 0.525239459
2329 0.433328222
2309 0.454384755
2262 0.616966723
2134 0.455881319
2199 0.549411265
2173 0.400135811
2262 0.290892365
2348 0.410820134
2273 0.196446615
2289 0.325521385
2310 0.389732752
2229 0.44501601
2426 0.288571855
2291 0.417424709
2283 0.458953781
2419 0.37208692
2252 0.362810139
2213 0.364581471
2302 0.398352799
2318 0.389817287
2250 0.346931051
2211 0.37959804
2199 0.432335255
2301 0.427089128
2328 0.404574156
2235 0.362409961
2218 0.379234952
2318 0.387374132
2218 0.38523983
2203 0.443204255
2371 0.424440758
2323 0.422533815
2328 0.324232757
2312 0.34856946
2327 0.442450995
2241 0.442460283
2277 0.443129813
2149 0.367554513
2256 0.434472416
2323 0.404305782
2378 0.305003194
2332 0.406304243
2282 0.407020251
2278 0.357622451
2226 0.453326427
2335 0.447444617
2267 0.421925827
2202 0.39353212
2298 0.330560941
2351 0.359215781
2282 0.353505602
2227 0.346757452
2238 0.334973291
2349 0.45450481
2360 0.429667984
2227 0.364907759
2213 0.278874902
2340 0.421694224
2113 0.350561732
2285 0.333250473
2281 0.377740991
2335 0.463750733
2276 0.428948039
2227 0.390349262
2133 0.417380405
2260 0.351497957
2243 0.425817048
2309 0.424323141
2217 0.378144601
2284 0.487847948
2297 0.38414989
2265 0.3361287
2309 0.42857928
2175 0.331648811
2124 0.348444076
2189 0.403716606
2205 0.491794121
2317 0.494159098
2347 0.406944956
2218 0.378658474
2398 0.42854179
2184 0.435175531
2348 0.561509155
2330 0.36850309
2312 0.373545334
2147 0.426900941
2337 0.365254643
2388 0.365253401
2268 0.390930758
2287 0.378576898
2233 0.473168615
2226 0.44787135
2236 0.413648192
2148 0.372604463
2321 0.249610171
2340 0.392719755
2221 0.42940671
2212 0.405689742
2250 0.424200422
2358 0.362213537
2424 0.519017001
2313 0.390604672
2383 0.466262162
2363 0.439835964
2389 0.451351889
2271 0.474516685
2229 0.338103071
2323 0.393687552
2277 0.396166929
2266 0.411107952
2277 0.434067623
2254 0.361118971
2401 0.4323216
2280 0.39356132
2231 0.430993081
2330 0.416324794
2267 0.384270943
2305 0.375108062
2269 0.370427254
2419 0.430271723
2300 0.38399849
2196 0.375656759
2333 0.436516554
2391 0.431746174
2344 0.381588858
2377 0.407900116
2256 0.586576716
2391 0.526090666
2343 0.512910407
2169 0.551046181
2267 0.470276557
2270 0.386646874
2299 0.594471266
2153 0.470138232
2260 0.520075601
2283 0.550254318
2163 0.582991995
2251 0.473434724
2276 0.457477354
2217 0.321108654
2275 0.348110811
2184 0.438064047
2230 0.401924849
2312 0.355706484
2280 0.374157007
2247 0.342469614
2353 0.298179845
2156 0.421592799
2206 0.413528082
2283 0.333119764
2127 0.345957836
2306 0.41808967
2319 0.458341151
2278 0.40929017
2286 0.304190495
2348 0.380818783
2248 0.41124189
2269 0.336845723
2198 0.37721981
2368 0.376330177
2356 0.402984494
2373 0.414108393
2344 0.390958197
2273 0.329692194
2284 0.321776545
2239 0.286678712
2221 0.346242967
2418 0.392125146
2259 0.347772024
2157 0.393792729
2284 0.347023271
2134 0.365314038
2282 0.405892308
2304 0.317504236
2178 0.415285053
2310 0.437783004
2258 0.369973695
2394 0.345856035
2249 0.417402022
2170 0.38833623
2304 0.424493534
2364 0.407818361
2364 0.281460442
2302 0.515556932
2277 0.424120135
2269 0.467890095
2172 0.458404272
2228 0.403637077
2254 0.382192316
2058 0.290127841
2275 0.423149688
2205 0.453929933
2288 0.411731181
2224 0.4951907
2339 0.435180084
2215 0.408983178
2289 0.366928403
2255 0.352847196
2299 0.330254192
2302 0.386409171
2226 0.343272201
2251 0.389286445
2261 0.587429845
2175 0.344998277
2270 0.41525362
2150 0.40639297
2274 0.477276183
2348 0.412723286
2388 0.464840888
2300 0.438482319
2189 0.420890149
2151 0.372346964
2320 0.347590222
2302 0.469365355
2237 0.412528864
2156 0.368560931
2400 0.497358263
2372 0.331632631
2236 0.346567002
2315 0.445624731
2260 0.352599153
2239 0.35354221
2226 0.268424746
2280 0.282099851
2354 0.444737934
2213 0.3569679
2477 0.371002538
2340 0.46041742
2227 0.396009703
2362 0.37595561
2281 0.460602238
2354 0.38626986
2293 0.491532183
2283 0.431365335
2418 0.419115978
2276 0.40907263
2176 0.420261425
2345 0.414330359
2296 0.339128135
2350 0.527773512
2198 0.396289645
2253 0.358314137
2197 0.370216045
2292 0.414649585
2400 0.332782051
2207 0.342413065
2342 0.388451075
2356 0.515903377
2288 0.408825146
2303 0.458572562
2335 0.345622248
2358 0.401154929
2313 0.331650613
2329 0.433615925
2204 0.364757963
2268 0.496755683
2305 0.447133227
2319 0.48501741
2320 0.471422369
2307 0.545717866
2264 0.513578894
2134 0.524335686
2178 0.695395795
2299 0.514077375
2195 0.494845878
2147 0.533227607
2314 0.548265205
2379 0.473004043
2199 0.574766479
2346 0.62953214
2293 0.508726751
2231 0.340533373
2215 0.424619887
2321 0.353891777
2253 0.349519134
2145 0.307341183
2314 0.331283395
2222 0.312514339
2179 0.416188688
2213 0.399681097
2313 0.417936375
2286 0.318462167
2241 0.42436027
2340 0.340781855
2270 0.32446943
2218 0.411972266
2311 0.368976098
2299 0.296997147
2264 0.388880683
2380 0.349341805
2346 0.540367821
2421 0.457284678
2337 0.373468805
2293 0.337040669
2249 0.385371013
2217 0.310263365
2168 0.420326252
2407 0.434466462
2415 0.463548838
2185 0.480346287
2207 0.28097793
2383 0.382290471
2297 0.466563035
2321 0.376560493
2078 0.273544181
2160 0.474032996
2258 0.442087586
2137 0.38891348
2346 0.323611151
2238 0.421576334
2359 0.405898873
2381 0.292258694
2357 0.438955264
2435 0.336013765
2223 0.386902288
2361 0.351529906
2289 0.311439956
2335 0.409235943
2321 0.366498593
2303 0.452439191
2349 0.398973133
2339 0.362022279
2263 0.384475274
2280 0.422779064
2383 0.419808953
2105 0.384070464
2240 0.377042196
2336 0.460360142
2374 0.328131924
2216 0.383564882
2386 0.284353287
2284 0.440312082
2501 0.372478926
2133 0.41048894
2239 0.473493163
2175 0.492165796
2289 0.390419007
2225 0.40322076
2198 0.334797296
2358 0.418265563
2339 0.48193598
2380 0.504007409
2202 0.437203356
2321 0.410555591
2324 0.321773378
2171 0.468602856
2413 0.444495635
2170 0.382730128
2358 0.399449768
2205 0.370284964
2316 0.359540485
2136 0.404225508
2233 0.442710537
2242 0.415501221
2372 0.433608673
2196 0.325034963
2442 0.379403
2271 0.335600227
2314 0.392518917
2414 0.457187288
2235 0.369169196
2196 0.482864454
2390 0.482466749
2264 0.40580858
2277 0.437121243
2321 0.358507237
2357 0.388315211
2360 0.426973846
2340 0.338406535
2415 0.392003848
2417 0.410815477
2190 0.41844664
2333 0.368870012
2273 0.394964873
2246 0.332637833
2349 0.439031365
2388 0.457412907
2078 0.381962224
2249 0.427982672
2229 0.35778048
2247 0.33809662
2285 0.353637449
2348 0.428131148
2403 0.442403113
2179 0.37847585
2331 0.35658043
2276 0.363817792
2195 0.411197177
2294 0.41532534
2308 0.385853824
2261 0.357284126
2399 0.43123565
2311 0.539253763
2326 0.455791923
2311 0.643587812
2419 0.625302588
2155 0.527469805
2133 0.603599902
2461 0.48263724
2226 0.468928672
2252 0.429837257
2342 0.587944535
2352 0.381494901
2437 0.424568818
2270 0.373093206
2274 0.39581079
2206 0.322411494
2292 0.378699306
2357 0.248384518
2337 0.46948143
2252 0.407198017
2312 0.384582531
2384 0.398399038
2334 0.361820913
2364 0.421703892
2484 0.323905183
2322 0.295731719
2327 0.410446987
2216 0.352296326
2156 0.448971573
2268 0.381293446
2207 0.409854808
2255 0.356748603
2188 0.354578082
2211 0.415729987
2218 0.31429413
2328 0.319382292
2191 0.434665405
2313 0.334753713
2240 0.387665133
2230 0.475127302
2314 0.379215466
2209 0.421271433
2258 0.360831872
2345 0.393530383
2246 0.373395916
2143 0.426471201
2227 0.475960759
2184 0.353211994
2395 0.422734103
2183 0.376671127
2312 0.415009102
2326 0.436554988
2323 0.422554809
2137 0.414904862
2400 0.356681459
2232 0.411761978
2299 0.400551251
2183 0.485060502
2295 0.371711695
2342 0.428938177
2232 0.376846808
2231 0.396432318
2280 0.349597114
2353 0.386772599
2258 0.432763117
2109 0.39402986
2367 0.378678337
2140 0.345705056
2253 0.375435821
2258 0.413098786
2355 0.384052511
2299 0.356094232
2184 0.469245991
2354 0.41607989
2301 0.407984435
2276 0.406020682
2300 0.399100692
2365 0.290695686
2482 0.405718851
2227 0.458041017
2315 0.410475355
2258 0.460303797
2340 0.465589429
2329 0.443090807
2321 0.472684949
2085 0.427216868
2318 0.461848003
2291 0.492150129
2179 0.361956739
2246 0.35521435
2259 0.440159953
2371 0.38505181
2339 0.411250111
2228 0.397611547
2228 0.375902645
2120 0.451570606
2058 0.26700434
2217 0.219189497
2225 0.377444106
2245 0.348776269
2387 0.390145596
2189 0.411730668
2433 0.385370567
2325 0.37531225
2291 0.411791686
2303 0.395329864
2306 0.493971482
2251 0.428832806
2273 0.419681857
2161 0.426932375
2207 0.411934663
2234 0.425883285
2281 0.330547685
2255 0.437766598
2230 0.422580824
2247 0.447774608
2355 0.490841536
2202 0.442765849
2399 0.392777059
2274 0.386920967
2208 0.417857987
2322 0.373054144
2316 0.423114012
2307 0.432335718
2367 0.427362698
2226 0.511223503
2277 0.373522928
2186 0.382211798
2122 0.391522033
2246 0.398798351
2210 0.355405616
2407 0.495453865
2367 0.469659503
2184 0.612899102
2285 0.681709209
2124 0.675032237
2137 0.503417991
2382 0.490684161
2232 0.47351134
2193 0.312455352
2277 0.444064724
2317 0.453480614
2184 0.521433378
2300 0.526678442
2285 0.527449287
2206 0.398705957
2316 0.388422607
2380 0.416021955
2196 0.379449121
2317 0.34162131
2251 0.317195306
2150 0.352339938
2259 0.439186861
2230 0.320722551
2123 0.368782044
2305 0.40905721
2354 0.245553195
2115 0.278495415
2280 0.336265264
2381 0.455529725
2326 0.348635624
2111 0.389639875
2198 0.35462398
2267 0.41297041
2334 0.408057045
2316 0.38367701
2272 0.342079897
2328 0.358283211
2269 0.374933195
2332 0.390513179
2416 0.420115927
2269 0.336421898
2351 0.334647259
2318 0.333670408
2262 0.313922886
2390 0.372311587
2308 0.353389505
2244 0.449548869
2281 0.361844002
2333 0.393085236
2228 0.392774277
2379 0.40174561
2347 0.376038017
2335 0.430059976
2109 0.362600231
2267 0.370300535
2344 0.388874918
2252 0.388801906
2329 0.433380354
2265 0.399651849
2188 0.358372568
2319 0.486605689
2391 0.407535456
2254 0.394714698
2362 0.393003142
2327 0.34616398
2275 0.401999693
2291 0.494971878
2265 0.362835196
2230 0.426683175
2202 0.407271199
2184 0.566009769
2199 0.416654827
2203 0.363104897
2244 0.362851929
2252 0.374994342
2288 0.364656637
2220 0.414253091
2481 0.402716437
2304 0.377042778
2389 0.53561637
2137 0.467717338
2136 0.394546879
2317 0.357146621
2465 0.399219751
2279 0.438156712
2191 0.4660721
2392 0.350831225
2341 0.409994691
2329 0.450412624
2095 0.357340515
2371 0.320878023
2252 0.333366181
2342 0.344473648
2356 0.401039169
2163 0.404113261
2160 0.269088474
2128 0.473203882
2270 0.342506861
2436 0.342743186
2256 0.385792739
2313 0.35767878
2251 0.461696545
2189 0.36590672
2335 0.358719254
2367 0.453268168
2169 0.362432058
2180 0.456166061
2231 0.411600649
2335 0.461685915
2276 0.390324542
2351 0.433269683
2283 0.413447196
2216 0.391868647
2183 0.37545672
2309 0.451590288
2269 0.5356885
2250 0.326833701
2275 0.427914128
2390 0.439978439
2304 0.336259098
2240 0.420782269
2405 0.432885827
2284 0.530690854
2249 0.481896625
2354 0.370856812
2346 0.421715929
2213 0.357786282
2275 0.347309218
2251 0.448297238
2279 0.388009647
2354 0.369461153
2311 0.337115872
2313 0.417490511
2309 0.394446047
2301 0.349632044
2288 0.400545688
2292 0.591485201
2198 0.363904963
2211 0.62558927
2299 0.533782475
2280 0.475207146
2229 0.501306093
2263 0.523689342
2328 0.696971042
2271 0.606987979
2212 0.593956716
2276 0.565258564
2192 0.485271697
2427 0.408550441
2176 0.480746901
2283 0.379385017
2232 0.354637254
2435 0.275735337
2194 0.361205116
2362 0.287207668
2296 0.407640661
2363 0.352886632
2251 0.340000328
2328 0.404740374
2367 0.389100906
2214 0.290409516
2246 0.345203542
2424 0.346052248
2445 0.414595861
2187 0.326539458
2406 0.385085192
2155 0.37523145
2239 0.37826308
2337 0.432798367
2184 0.420748164
2303 0.412151964
2463 0.37937353
2101 0.444563703
2342 0.438310247
2233 0.353326342
2266 0.285746897
2236 0.308327357
2296 0.422284505
2260 0.381954835
2219 0.281210098
2247 0.429473766
2363 0.361706007
2347 0.367043699
2211 0.285728022
2124 0.315587344
2359 0.395985814
2305 0.326092792
2314 0.381550747
2345 0.332426694
2273 0.426230831
2404 0.250964834
2321 0.353922324
2353 0.325610604
2222 0.381797424
2274 0.449938623
2169 0.430407728
2302 0.390903336
2301 0.395019587
2144 0.242191785
2271 0.402743215
2401 0.346016946
2290 0.421367645
2230 0.291098861
2243 0.379220351
2146 0.340259116
2314 0.457073641
2212 0.438940668
2194 0.355878606
2343 0.490355016
2460 0.37990432
2187 0.36557207
2250 0.466741026
2270 0.382548264
2162 0.338584181
2157 0.442083105
2225 0.335115388
2366 0.430622607
2252 0.408973291
2216 0.485306382
2316 0.477953979
2219 0.374811692
2332 0.354012725
2283 0.367004933
2286 0.377232947
2341 0.436201557
2302 0.361316154
2199 0.399789833
2160 0.584009591
2335 0.384514757
2270 0.510386671
2207 0.33155355
2334 0.360493221
2244 0.29290161
2216 0.313338079
2383 0.371822306
2253 0.369492057
2166 0.467261224
2113 0.348403622
2334 0.36610355
2351 0.475986664
2354 0.467234705
2185 0.384155025
2290 0.386700741
2330 0.317763816
2264 0.385255957
2368 0.400214745
2248 0.411724408
2249 0.355744986
2228 0.468293226
2396 0.328080552
2388 0.379456346
2247 0.444559154
2270 0.40427092
2148 0.357755641
2318 0.52212393
2258 0.468461332
2350 0.41186983
2221 0.354128805
2360 0.277500434
2314 0.47228046
2221 0.34882075
2250 0.356916526
2242 0.361810985
2286 0.391306367
2181 0.320616917
2393 0.429690133
2252 0.520184056
2338 0.368963605
2241 0.399162062
2262 0.446512321
2134 0.340093478
2251 0.372018121
2258 0.640094521
2330 0.38679071
2312 0.496027714
2208 0.533594523
2218 0.522149766
2226 0.483394058
2216 0.520232844
2222 0.666721018
2148 0.474103982
2264 0.601108834
2337 0.512852818
2222 0.418678151
2265 0.46169571
2270 0.347701783
2189 0.367478951
2358 0.369572945
2306 0.359990606
2314 0.432307879
2394 0.383425031
2259 0.381656304
2197 0.365625904
2256 0.392682445
2370 0.370520042
2304 0.341575212
2197 0.416075119
2248 0.44875261
2246 0.334567904
2366 0.428743845
2289 0.346206585
2094 0.373322742
2172 0.343028604
2387 0.34191572
2296 0.383596424
2452 0.341938885
2171 0.386159422
2144 0.376069355
2308 0.378353585
2250 0.484716053
2207 0.41799457
2231 0.360072108
2408 0.357667216
2306 0.392309461
2158 0.440638774
2290 0.442275327
2164 0.377331619
2385 0.375601726
2336 0.424558848
2266 0.438063734
2252 0.431569915
2252 0.364954155
2298 0.246222929
2179 0.515128835
2320 0.410376839
2410 0.335673709
2216 0.460913645
2429 0.378331687
2342 0.403911035
2318 0.382347874
2331 0.346999799
2308 0.406436621
2169 0.48942445
2343 0.391404252
2373 0.411485286
2213 0.397329366
2253 0.365586436
2270 0.356819959
2235 0.409718013
2345 0.343169513
2392 0.404740775
2195 0.473602683
2368 0.37321812
2200 0.436099145
2293 0.487742774
2190 0.371415397
2352 0.473964051
2435 0.408394436
2205 0.531755323
2404 0.376542395
2275 0.334217258
2298 0.43783926
2321 0.402980397
2329 0.401505265
2239 0.462855553
2313 0.359096568
2213 0.418480408
2388 0.420990494
2299 0.402782407
2325 0.403451656
2346 0.353634657
2423 0.435888414
2356 0.361363556
2197 0.342157948
2245 0.472231067
2241 0.534739978
2256 0.399128831
2363 0.43145757
2094 0.417067238
2159 0.454742227
2276 0.483498255
2202 0.323068886
2299 0.430544883
2189 0.384250229
2249 0.400193313
2409 0.476394812
2252 0.358035398
2094 0.311938636
2186 0.427056134
2157 0.261035703
2308 0.427581957
2275 0.294930119
2161 0.40919191
2329 0.339103157
2296 0.518131107
2169 0.447294393
2403 0.472283273
2162 0.395659351
2350 0.40097362
2243 0.41078471
2215 0.387057311
2355 0.346439622
2337 0.44177353
2218 0.339088801
2401 0.410597731
2298 0.399942334
2301 0.361598967
2230 0.370276534
2243 0.394390309
2303 0.42580591
2330 0.407299939
2205 0.359119492
2227 0.352596766
2229 0.333331302
2158 0.367494656
2268 0.608259235
2242 0.495437387
2349 0.554328654
2140 0.534952048
2166 0.573447305
2389 0.475055775
2250 0.513961293
2181 0.515360598
2382 0.59311772
2224 0.490250547
2366 0.530468473
2396 0.532757023
2233 0.338859999
2313 0.400522186
2317 0.304766924
2439 0.306112756
2392 0.287214421
2208 0.338260706
2325 0.315691208
2327 0.425747471
2148 0.301872589
2237 0.34750768
2341 0.309782506
2250 0.356045979
2190 0.268057998
2331 0.426730105
2311 0.33335663
2302 0.303145852
2257 0.358752594
2108 0.375367601
2403 0.404364261
2296 0.386523162
2175 0.342267147
2225 0.341957911
2299 0.353079747
2400 0.36386794
2280 0.325688921
2202 0.416652986
2354 0.343698986
2225 0.36965619
2333 0.334765086
2195 0.424988654
2256 0.358356624
2277 0.33591964
2364 0.31840507
2289 0.320508012
2263 0.384488114
2163 0.310536863
2357 0.530573086
2364 0.439521423
2240 0.475595486
2291 0.460147447
2150 0.382381938
2297 0.404821357
2315 0.505937289
2259 0.396297587
2220 0.422090335
2365 0.346227962
2261 0.387994302
2203 0.521107956
2227 0.496504068
2210 0.341761919
2169 0.473260271
2186 0.472720662
2266 0.44868498
2165 0.365416559
2320 0.407326305
2243 0.399371461
2336 0.477695447
2235 0.428877002
2213 0.354523365
2369 0.327892683
2271 0.454776146
2226 0.456962628
2173 0.345158315
2198 0.267188882
2194 0.451010823
2262 0.411863338
2197 0.503641583
2274 0.368105743
2224 0.413039605
2145 0.597565172
2352 0.432604646
2332 0.372424794
2287 0.523399528
2300 0.41244486
2341 0.429469237
2268 0.426723288
2387 0.358425887
2229 0.516199338
2113 0.40287725
2214 0.435702957
2421 0.34988289
2337 0.511774154
2401 0.377972634
2341 0.384771802
2180 0.444227712
2290 0.431637136
2164 0.320358144
2287 0.382633043
2221 0.466468157
2468 0.355021591
2226 0.386267535
2213 0.389688446
2202 0.405684471
2380 0.452670278
2146 0.366831494
2376 0.3946843
2313 0.426324044
2327 0.440899483
2322 0.433812851
2260 0.302967794
2259 0.456324389
2319 0.445398832
2199 0.387769612
2380 0.315183999
2236 0.347259851
2246 0.434748004
2191 0.409481579
2298 0.406430392
2273 0.494112418
2349 0.31397998
2290 0.429470639
2307 0.383103685
2307 0.370349274
2278 0.457806688
2171 0.251524493
2212 0.387317533
2198 0.350740009
2226 0.404795605
2341 0.475429579
2271 0.450123007
2214 0.370868956
2244 0.536827249
2316 0.539756692
2241 0.587398229
2180 0.582406013
2169 0.464020326
2315 0.451127279
2359 0.556372242
2293 0.661238337
2318 0.605532546
2283 0.532926208
2352 0.521956496
2346 0.40965037
2282 0.381907146
2306 0.375682815
2346 0.368776061
2310 0.369055308
2181 0.435481092
2328 0.380883605
2324 0.326935619
2185 0.391734539
2234 0.369781048
2443 0.358989529
2191 0.259234911
2379 0.374193418
2187 0.331232679
2330 0.377801489
2398 0.35447798
2352 0.308628925
2146 0.41193723
2110 0.508653064
2262 0.398351969
2285 0.38370346
2284 0.401111986
2325 0.3967216
2216 0.332246073
2355 0.386429061
2257 0.31301197
2406 0.265468251
2169 0.302693062
2299 0.341850095
2275 0.470488546
2225 0.342277489
2266 0.416707962
2337 0.417441396
2325 0.308810478
2300 0.397829566
2422 0.39549053
2278 0.443192425
2261 0.318961324
2375 0.318052553
2214 0.376240948
2286 0.410611591
2343 0.334051063
2290 0.355350455
2207 0.384466505
2209 0.367179333
2304 0.429108004
2126 0.327340607
2153 0.414170939
2231 0.378367076
2246 0.414687225
2256 0.416341892
2178 0.377582786
2219 0.411233141
2225 0.432443542
2409 0.330975541
2336 0.284218317
2333 0.392554068
2327 0.441366031
2287 0.368337908
2184 0.387509471
2259 0.392201149
2368 0.313602924
2325 0.41911127
2367 0.305996943
2291 0.566878133
2373 0.40282739
2297 0.343496674
2203 0.431282498
2296 0.398562154
2264 0.314905766
2293 0.401889786
2350 0.387912319
2262 0.423165652
2201 0.395009361
2244 0.374371615
2280 0.347762514
2169 0.423768635
2177 0.6041501
2333 0.444045939
2270 0.390408881
2283 0.39337246
2285 0.491486722
2160 0.431694465
2176 0.353920939
2137 0.341128005
2256 0.445205595
2222 0.401250136
2328 0.411589516
2327 0.361451477
2341 0.385212112
2282 0.366375604
2306 0.340466802
2209 0.316225152
2307 0.384828342
2206 0.434948768
2326 0.49851231
2303 0.431017043
2184 0.398032902
2336 0.421279626
2170 0.323013962
2231 0.373726777
2356 0.408223785
2361 0.277736066
2374 0.318535484
2190 0.385243014
2165 0.367121954
2209 0.394672199
2351 0.354184402
2358 0.430478239
2245 0.414219006
2292 0.36879577
2298 0.405336545
2372 0.35563681
2326 0.346591164
2243 0.563118235
2363 0.375018158
2347 0.431778244
2322 0.381812238
2275 0.488033508
2275 0.37370013
2262 0.37664818
2219 0.367339397
2378 0.372992859
2292 0.344979241
2370 0.308221659
2281 0.518125703
2271 0.517036133
2304 0.469833594
2206 0.537347983
2361 0.511110169
2214 0.488361066
2186 0.523323007
2189 0.416459115
2448 0.498784827
2372 0.637299873
2268 0.487665337
2306 0.401372473
2316 0.526782063
2330 0.418344017
2149 0.401414545
2253 0.306942264
2257 0.31532872
2260 0.367057801
2192 0.356719886
2245 0.416970683
2290 0.30900591
2405 0.385193679
2241 0.347810914
2317 0.341098744
2280 0.351225964
2277 0.242404209
2137 0.357221794
2190 0.354951491
2059 0.398133918
2161 0.330957268
2329 0.322038788
2289 0.349633126
2098 0.436177095
2331 0.413730395
2285 0.356022235
2213 0.392863728
2247 0.360383447
2328 0.400726394
2195 0.354630084
2364 0.463543386
2269 0.34123008
2333 0.407804651
2298 0.444890684
2213 0.342308198
2121 0.38054595
2192 0.267859288
2301 0.460143348
2312 0.416516505
2262 0.424442203
2188 0.469257296
2289 0.371822807
2252 0.497034748
2308 0.443360069
2327 0.416547486
2242 0.370477456
2204 0.350733512
2287 0.402505085
2268 0.417432493
2279 0.369850349
2152 0.39844239
2315 0.446390528
2183 0.387973473
2236 0.411209275
2312 0.364210315
2299 0.37305284
2296 0.359604242
2280 0.414829289
2389 0.446814988
2344 0.351612186
2306 0.434643832
2263 0.421824085
2200 0.312082125
2239 0.552801124
2178 0.377503345
2216 0.330391056
2340 0.467131127
2290 0.357936762
2265 0.445997766
2245 0.347537008
2360 0.378016254
2219 0.379719335
2357 0.540018321
2292 0.449480808
2224 0.364586433
2164 0.363246553
2259 0.321545728
2344 0.411955618
2235 0.420645809
2239 0.532976378
2280 0.407908252
2188 0.467660521
2253 0.38772428
2385 0.402640694
2315 0.389148073
2334 0.444273108
2349 0.446735081
2350 0.347702581
2305 0.356977849
2229 0.374722233
2229 0.443298231
2412 0.332823077
2399 0.33680066
2305 0.413678731
2195 0.392269558
2179 0.416463968
2322 0.410888817
2330 0.492877255
2358 0.317254737
2249 0.452557451
2160 0.433217935
2289 0.429769762
2312 0.362906433
2377 0.441087205
2282 0.492437089
2298 0.51011803
2287 0.309520328
2304 0.31229832
2414 0.41477172
2168 0.385170545
2265 0.482181393
2220 0.427318682
2327 0.475586619
2359 0.420867404
2393 0.428482435
2312 0.471135235
2090 0.340615122
2272 0.438612722
2314 0.468503435
2100 0.422262354
2276 0.45922443
2381 0.404603505
2320 0.361254475
2366 0.351087037
2281 0.612283016
2343 0.48854573
2410 0.605035906
2244 0.495347704
2170 0.49923874
2326 0.571136624
2090 0.48654099
2253 0.474994668
2171 0.572900103
2257 0.616550021
2333 0.502337913
2228 0.430437484
2298 0.346561666
2216 0.342991058
2367 0.341613194
2204 0.405381307
2331 0.416186392
2448 0.287862699
2311 0.398585206
2144 0.401739753
2308 0.353289509
2168 0.424306646
2177 0.38411975
2126 0.443562722
2298 0.39470364
2397 0.332970797
2362 0.343996357
2163 0.3361389
2266 0.479256904
2292 0.411548521
2297 0.31403517
2287 0.321799768
2352 0.423974859
2269 0.354045477
2236 0.379054505
2249 0.380294854
2247 0.355447399
2330 0.386270557
2230 0.382853845
2282 0.427998302
2274 0.439716316
2314 0.366751135
2349 0.282189314
2173 0.369664779
2378 0.281856082
2333 0.252059542
2215 0.463459496
2165 0.412512922
2186 0.440053859
2388 0.391906787
2268 0.375231975
2364 0.265955883
2350 0.412208607
2225 0.390255607
2279 0.430328545
2255 0.315450962
2388 0.347542625
2149 0.313724337
2323 0.3294134
2236 0.420698554
2296 0.386743723
2322 0.408814301
2304 0.376298992
2366 0.33945766
2324 0.417847292
2422 0.409795853
2159 0.444583709
2310 0.453440541
2186 0.365874481
2280 0.363063857
2304 0.356482029
2320 0.47579695
2321 0.40737998
2210 0.494474442
2264 0.352758716
2180 0.42824219
2091 0.471919041
2324 0.394681418
2279 0.446339284
2183 0.308137808
2286 0.496767271
2297 0.406124022
2137 0.392888165
2375 0.324347625
2450 0.402431831
2483 0.38287218
2284 0.350077694
2272 0.271444432
2323 0.3741509
2322 0.465812722
2209 0.347260317
2412 0.429025543
2191 0.462647995
2330 0.38006779
2223 0.406624721
2239 0.439114089
2326 0.409005056
2182 0.387010495
2292 0.300914907
2278 0.442184666
2320 0.396662089
2131 0.415678694
2264 0.459216848
2196 0.400860829
2388 0.489102241
2368 0.412699836
2217 0.431004329
2151 0.432369158
2337 0.435263885
2241 0.511520491
2274 0.315557116
2426 0.475067487
2228 0.480964356
2336 0.302484093
2372 0.434889265
2326 0.318208165
2105 0.426821203
2278 0.412163656
2267 0.393479302
2258 0.425358175
2162 0.40968423
2293 0.373506545
2312 0.488203375
2349 0.572709864
2357 0.478767768
2283 0.445247152
2222 0.431984923
2359 0.409657831
2333 0.403646781
2287 0.450838284
2389 0.377112795
2231 0.388107977
2344 0.3855557
2214 0.43064506
2148 0.460773901
2497 0.523516688
2325 0.431498445
2332 0.630875684
2206 0.592843009
2350 0.552605677
2316 0.409345331
2148 0.45972404
2458 0.452772961
2301 0.482048838
2370 0.500013586
2338 0.428897768
2241 0.329850344
2277 0.405409621
2211 0.353052431
2256 0.348126601
2202 0.33887003
2265 0.342592992
2202 0.351171969
2210 0.394467343
2383 0.383032706
2338 0.394189699
2224 0.315352917
2325 0.411582023
2208 0.392837786
2201 0.38753999
2307 0.452912063
2302 0.377595362
2324 0.315341797
2290 0.43155914
2306 0.355144284
2311 0.423239012
2158 0.454693737
2317 0.447807401
2185 0.402823454
2300 0.319649097
2200 0.345347642
2227 0.39583945
2252 0.347913746
2315 0.405954276
2266 0.298420111
2178 0.453943203
2318 0.477856461
2292 0.426703149
2426 0.424787778
2261 0.301343464
2258 0.413863995
2320 0.373478547
2259 0.31727729
2376 0.295483245
2245 0.328869261
2212 0.347503117
2317 0.368767201
2375 0.445288554
2277 0.35999367
2365 0.438200539
2205 0.452307947
2250 0.332272137
2277 0.351686417
2296 0.472019059
2343 0.400950923
2410 0.48840715
2211 0.361330307
2410 0.338104535
2243 0.4407224
2278 0.338430112
2260 0.448222449
2294 0.435601626
2290 0.351933486
2502 0.363401809
2300 0.383457484
2343 0.418949618
2322 0.382809767
2310 0.330278039
2172 0.386063235
2244 0.392082501
2407 0.405035975
2345 0.371435937
2354 0.405761794
2094 0.422629048
2195 0.381725821
2212 0.461393647
2234 0.462193247
2218 0.49282653
2170 0.382826121
2328 0.394278033
2241 0.384038899
2286 0.396878413
2221 0.413282866
2311 0.396843746
2262 0.329984296
2216 0.405127105
2200 0.415328948
2346 0.453393337
2231 0.419869545
2162 0.4192432
2412 0.518139087
2334 0.417318923
2225 0.356747415
2267 0.406527655
2276 0.337144572
2245 0.38688255
2268 0.328030404
2371 0.464849088
2193 0.469610792
2304 0.435104157
2247 0.40480584
2184 0.417095535
2368 0.412625283
2232 0.355737733
2232 0.422374896
2155 0.492514568
2263 0.374074688
2287 0.413564113
2450 0.39948502
2153 0.366921789
2262 0.403675354
2306 0.502015973
2354 0.405799015
2252 0.467267993
2171 0.43457421
2410 0.319839047
2170 0.435035198
2249 0.455244181
2368 0.316242128
2274 0.393153485
2239 0.516625892
2393 0.45101257
2238 0.40565474
2051 0.445845987
2314 0.555980437
2360 0.428187579
2320 0.641992708
2246 0.573630567
2256 0.540479315
2175 0.494422351
2455 0.408772376
2233 0.501507421
2160 0.495518635
2216 0.416180018
2421 0.554939654
2236 0.451415425
2326 0.486374771
2390 0.428579465
2243 0.435848979
2134 0.409719594
2231 0.389373089
2262 0.409071897
2215 0.36917026
2362 0.334149616
2194 0.358283789
2318 0.329057938
2262 0.395719395
2272 0.394835412
2270 0.466546257
2444 0.317697113
2308 0.27918849
2177 0.378452313
2235 0.386709409
2171 0.374501603
2342 0.254246413
2330 0.333011957
2257 0.200913101
2216 0.381037504
2211 0.348378209
2227 0.457128668
2323 0.288120419
2253 0.306452183
2322 0.456577286
2392 0.347242562
2098 0.427175557
2246 0.386303159
2344 0.315870477
2189 0.353052486
2285 0.473007299
2262 0.46531483
2352 0.40735207
2197 0.467589602
2276 0.443821616
2394 0.424000923
2227 0.424351138
2204 0.398165674
2360 0.411386003
2206 0.388387257
2205 0.393748946
2411 0.366008096
2167 0.422995578
2190 0.456917125
2176 0.463008871
2409 0.371053797
2124 0.412820798
2262 0.379976977
2238 0.307280022
2238 0.362303361
2298 0.199953846
2288 0.357943683
2164 0.430282248
2248 0.381764933
2343 0.254519012
2256 0.386521827
2179 0.377316945
2249 0.344758813
2213 0.366173558
2310 0.334922755
2191 0.311844638
2268 0.457304837
2222 0.295884441
2166 0.414847937
2258 0.363791921
2186 0.344992236
2375 0.39303184
2251 0.445772241
2447 0.422993179
2150 0.281177992
2254 0.355382382
2288 0.35724977
2254 0.438349293
2390 0.31942376
2164 0.476279564
2316 0.387904285
2290 0.390109222
2250 0.386373416
2265 0.434528614
2289 0.414623358
2169 0.527456535
2276 0.403964094
2199 0.309683919
2170 0.456131963
2346 0.390352302
2175 0.497930095
2279 0.395563623
2317 0.466826908
2226 0.401403332
2332 0.326505285
2244 0.465653999
2289 0.390932912
2150 0.434941653
2291 0.229265369
2319 0.435303491
2298 0.34870814
2222 0.382911901
2126 0.407478889
2293 0.421059531
2201 0.359929237
2325 0.386406966
2322 0.335614316
2127 0.349458627
2265 0.394827998
2233 0.342683956
2288 0.408717046
2283 0.330019208
2370 0.358467693
2135 0.369371639
2157 0.39200422
2312 0.433944807
2254 0.430550178
2190 0.449058493
2354 0.371797243
2303 0.397824804
2183 0.416443783
2273 0.395214015
2328 0.419202328
2309 0.375443348
2251 0.429513352
2230 0.57190212
2405 0.474773545
2191 0.404735941
2454 0.290980123
2156 0.379349594
2235 0.537261205
2321 0.542849821
2258 0.581854941
2289 0.510754244
2147 0.520818642
2290 0.606424994
2339 0.587405445
2361 0.476999279
2121 0.506954906
2240 0.553081735
2263 0.453833073
2328 0.38606281
2196 0.480952227
2109 0.403720326
2308 0.246006678
2313 0.353829488
2254 0.28849656
2275 0.341302616
2167 0.363038118
2367 0.318810117
2256 0.335338989
2262 0.405814412
2259 0.42939016
2320 0.387137454
2341 0.291503133
2137 0.348152774
2271 0.446952933
2318 0.498842604
2273 0.434991231
2290 0.321364729
2181 0.403916438
2335 0.317484285
2273 0.330712738
2230 0.475513745
2135 0.384329998
2171 0.349596587
2319 0.33339699
2148 0.367849209
2403 0.386358897
2353 0.428250147
2149 0.368639943
2116 0.405365743
2330 0.412780156
2243 0.305557902
2176 0.364708991
2133 0.307616107
2243 0.390111007
2402 0.286681118
2184 0.365432756
2246 0.34263029
2238 0.399177403
2245 0.426355901
2353 0.416277626
2395 0.472027154
2184 0.447120503
2269 0.422998394
2272 0.410718056
2333 0.384387253
2164 0.475948879
2293 0.382534885
2337 0.448259299
2280 0.38065291
2340 0.378329354
2214 0.440251142
2334 0.432770261
2094 0.438158912
2231 0.463647284
2310 0.436043938
2237 0.384865707
2202 0.483018281
2137 0.40880739
2369 0.477792896
2493 0.439908936
2321 0.339862833
2228 0.431481261
2446 0.334515302
2309 0.483090313
2341 0.530020551
2281 0.433513878
2202 0.309406041
2278 0.420858077
2207 0.432106025
2332 0.418295852
2167 0.368389791
2360 0.371710148
2274 0.379290591
2144 0.507355611
2260 0.383433883
2376 0.379414511
2119 0.514631007
2165 0.382244272
2397 0.358018823
2363 0.375528014
2372 0.35724366
2228 0.407385376
2103 0.428642276
2363 0.415868218
2276 0.312503962
2287 0.451647706
2323 0.416021905
2374 0.364683053
2335 0.335970771
2300 0.377186801
2330 0.409301871
2307 0.40457772
2195 0.51241341
2288 0.436188647
2373 0.320707558
2340 0.389805242
2328 0.465281003
2273 0.392341057
2219 0.479108652
2234 0.426439818
2345 0.420192052
2216 0.365490883
2215 0.4407832
2258 0.411001748
2266 0.480138638
2186 0.452441581
2277 0.361909284
2244 0.409667899
2293 0.589883999
2279 0.362812335
2290 0.25117032
2191 0.311300669
2267 0.471019472
2256 0.452532879
2361 0.447116875
2350 0.413268518
2329 0.371427904
2235 0.436243098
2306 0.41622817
