2267.6999999999994 0.523221714
2279.7 0.542188836
2244.4000000000005 0.419210496
2359.499999999999 0.62269727
2361.3 0.430308562
2110.7999999999997 0.570869246
2173.4 0.560109384
2228.7999999999997 0.492285815
2217 0.527825724
2072.7999999999997 0.450221338
2169.8999999999996 0.486063709
2352.1 0.556712586
2252.6999999999994 0.603436676
2432.6 0.508727857
2343.2 0.371807987
2295.2000000000003 0.250692442
2314.0999999999995 0.310468886
2246.5 0.342081744
2318.1 0.350826403
2295 0.416818927
2214.9 0.327218947
2263.9999999999995 0.401183599
2182.8999999999996 0.362718169
2157 0.387755645
2354.6 0.350645316
2448.4 0.378245778
2185.2000000000003 0.365910169
2347.8 0.286528335
2240.5 0.399164267
2248.2999999999997 0.356275765
2118.4 0.388044105
2232.2999999999997 0.300411666
2287.4999999999995 0.338291699
2377.9 0.408345708
2301.3 0.394746872
2345.2999999999993 0.326354573
2294.7 0.351089377
2455.5 0.393605062
2369.8999999999996 0.502814202
2189.2 0.38837265
2261.7999999999997 0.29597787
2426.5000000000005 0.431833118
2200.1 0.363042988
2292.2999999999993 0.40954681
2256.5 0.422858102
2258.2999999999997 0.387336375
2518.5 0.39133852
2047.7999999999993 0.422467279
2194.7 0.468947507
2271.8999999999996 0.361654747
2284.5000000000005 0.38139456
2362.899999999999 0.378791449
2121.4 0.417104017
2378.8999999999996 0.495217277
2333.7999999999997 0.411910919
2263.5000000000005 0.333568916
2241.3000000000006 0.469510773
2219.4 0.405531478
2026.7999999999997 0.368827038
2441.5999999999995 0.437103765
2268.6 0.405628589
2182.1 0.395285789
2283.4 0.381895988
2171.2999999999993 0.554147296
2372.4999999999995 0.392537721
2045.499999999999 0.456291066
2240.4999999999995 0.407940734
2261.2999999999997 0.454368901
2193.3 0.485188555
2345.8999999999996 0.464533212
2323.6 0.311771393
2110.4999999999995 0.395182373
2132.8 0.353414034
2192.4 0.347866197
2288.8000000000006 0.407210006
2203.5 0.409512407
2053.3999999999996 0.340436952
2248.8999999999996 0.424480658
2268.7 0.375369289
2359.1999999999985 0.300523478
2302.8 0.437216228
2206.499999999999 0.439485216
2280.4 0.396947232
2299.2999999999997 0.393076545
2272.8999999999996 0.418249865
2215.1999999999994 0.457041797
2346.8999999999996 0.362481163
2171.4000000000005 0.438312224
2407.6 0.421672852
2146.3999999999996 0.377493575
2320.1 0.405600221
2276.0000000000005 0.503014225
2240.7999999999997 0.464484408
2187.3 0.447342856
2228.3999999999996 0.54257125
2238.2999999999997 0.48214765
2304.6 0.407642225
2127.399999999999 0.507765468
2206.2999999999997 0.419875075
2226.7999999999997 0.445071617
2241.7000000000003 0.375288709
2290.3 0.526368626
2152.2999999999997 0.406570484
2357.9999999999995 0.544685545
2237.5 0.365832963
2296.7999999999993 0.354889999
2441.7 0.487671199
2261.7 0.457127537
2284.6 0.456833642
2373.9999999999995 0.502612626
2256.8999999999996 0.363070438
2267.7 0.431828355
2293 0.305358776
2388.4999999999995 0.451721454
2350.3000000000006 0.362222221
2407.2999999999997 0.545859221
2243.5 0.395113137
2251.3999999999996 0.502849697
2235.2 0.416022065
2224.3999999999996 0.40859165
2180.8999999999996 0.414155896
2319.7 0.347400954
2352.899999999999 0.439245886
2245.1 0.324254023
2014 0.377929513
2277.3 0.348719624
2241.499999999999 0.543023891
2260.2999999999997 0.54080241
2139.6999999999994 0.352900723
2091.399999999999 0.402477126
2283.5999999999995 0.602657803
2275.8999999999996 0.527911246
2262.7999999999997 0.543200735
2278 0.414210502
2269.0999999999995 0.605054998
2112.7 0.604617518
2186.0999999999995 0.558379052
2162.2 0.452811054
2201.4999999999995 0.480157486
2103.9999999999995 0.488943362
2175.500000000001 0.497998749
2188.6 0.528848282
2346.7000000000003 0.642639449
2157.2999999999997 0.399513288
2191.5 0.34321209
2311.2999999999993 0.377462102
2069.7999999999993 0.3463704
2222 0.36288733
2322.6 0.388030057
2499 0.430453157
2143.9 0.373237162
2126.4999999999995 0.363269079
2274.1 0.420660173
2205.1999999999994 0.432142046
2278.2 0.411139304
2252.099999999999 0.325613517
2315.6999999999994 0.333821692
2248.6 0.382868302
2200.2000000000003 0.346319234
2303.9000000000005 0.418003065
2426.2000000000003 0.34405344
2321.499999999999 0.341418598
2296.4999999999995 0.433339543
2128.5999999999995 0.284810113
2106.3 0.382156542
2083.6999999999994 0.278394926
2239.8999999999996 0.303365536
2362.6 0.464667355
2228.4999999999995 0.407808507
2254.7999999999997 0.580440272
2261.2 0.351744902
2305.3000000000006 0.37605872
2348.2000000000003 0.460772909
2209.6000000000004 0.377140613
2214.3 0.272346298
2347.9 0.314613822
2267.8999999999996 0.463190465
2282.8 0.360312211
2259.9000000000005 0.411167197
2312.7999999999997 0.353196309
2283.6999999999994 0.362200858
2219.2 0.400777266
2303.399999999999 0.322454798
2081.6999999999994 0.371420043
2118.9999999999995 0.410438796
2311.1000000000004 0.393864455
2320.9 0.345372425
2243.899999999999 0.306008699
2185.8999999999996 0.335143088
2196.2 0.407302323
2169.3999999999996 0.369180714
2245.8 0.381252543
2305.7999999999993 0.351999107
2214.7000000000003 0.614492249
2322.8999999999996 0.393989876
2156.4 0.371620222
2323.9999999999995 0.441659198
2262.8000000000006 0.424217309
2223.5999999999995 0.492871196
2245.6999999999994 0.425687266
2178.1 0.44502241
2288.5999999999995 0.398514321
2345.7 0.457442365
2185.5999999999995 0.550386855
2242.4999999999995 0.462416344
2234 0.418180881
2315.6 0.36548737
2180.9 0.381095732
2199.999999999999 0.473208319
2186.9999999999995 0.413231533
2303.8999999999996 0.491553853
2332.9999999999995 0.362106937
2208.5 0.476550363
2427.8000000000006 0.534284617
2146.7999999999997 0.351290941
2222.7 0.319545998
2323.2 0.316453422
2299.2 0.407812202
2381.2 0.425753423
2303.1999999999994 0.336931667
2457.2000000000003 0.291477352
2281.8999999999996 0.378942583
2237.6 0.349093853
2109.1 0.462939947
2285.6 0.367513818
2364.4999999999995 0.460738234
2298.6 0.381003273
2014.6999999999996 0.471291789
2268.6000000000004 0.329912685
2186.7999999999993 0.44423668
2354.3 0.470257762
2299.4000000000005 0.283620415
2193.2999999999997 0.378621247
2352.3 0.42238801
2145.2999999999997 0.305573968
2298.7999999999997 0.465433619
2259.8 0.345095436
2106.4999999999995 0.432766563
2268.5 0.380945565
2346 0.39339717
2187.7999999999997 0.430793601
2297.6000000000004 0.47225624
2190.2000000000003 0.469143795
2205.5 0.3688024
2258.1 0.487223676
2185.3999999999996 0.503102839
2055.1000000000004 0.414752797
2178.799999999999 0.383560722
2366.3 0.361573563
2246.9 0.508880464
2329.8 0.405412881
2413.7 0.449949158
2218.3 0.420720142
2103.1 0.377139741
2185.1999999999994 0.346560424
2290.4 0.389913643
2190.1 0.568186089
2205.9999999999995 0.499498764
2205.3999999999996 0.423746688
2104.399999999999 0.49775268
2312.3 0.447638425
2232.5999999999995 0.459095662
2170.8999999999996 0.363899829
2166.7999999999997 0.514401185
2297.5999999999995 0.452178031
2293.1 0.559758212
2249.9999999999995 0.527674541
2205.3000000000006 0.452319736
2240.9999999999995 0.433525167
2104.499999999999 0.556849257
2189.3999999999996 0.613149239
2247.099999999999 0.450911318
2408.0000000000005 0.43914175
2284.8000000000006 0.452452198
2345.3999999999996 0.464555556
2371.2 0.292874959
2292.0999999999995 0.413055885
2339.699999999999 0.393697372
2286 0.325659549
2147.6 0.393227973
2156.8999999999996 0.339742309
2253.8 0.392753825
2411.4000000000005 0.304758689
2128.5999999999995 0.425724666
2424.5 0.333696047
2261.2 0.410039886
2191.8999999999996 0.362638614
2197.2999999999997 0.369391338
2219.5 0.369094537
2266.7000000000003 0.444314211
2262.9 0.325111606
2290.6 0.343198084
2355.2999999999997 0.332539615
2196.7999999999993 0.447558249
2187.4 0.421053017
2308.0999999999995 0.451683255
2432 0.36341248
2171.9999999999995 0.422266928
2157.2 0.341361196
2269.4999999999995 0.401085869
2302.1999999999994 0.397860141
2285.6999999999994 0.465426406
2410.7000000000003 0.402611451
2264.200000000001 0.34344408
2219.2 0.458584951
2180.8999999999996 0.454183902
2351.7000000000003 0.674535484
2151.999999999999 0.498400919
2104.6 0.327175043
2166.5999999999995 0.408448147
2291.999999999999 0.46451277
2215.1000000000004 0.380305058
2208.3999999999996 0.404753651
2276.4 0.356212598
2306.1000000000004 0.512227085
2256.100000000001 0.445562045
2315.4999999999995 0.478861976
2295.2999999999993 0.441821322
2287.9999999999995 0.260047691
2263.4000000000005 0.375540787
2126.1000000000004 0.356092735
2331.6000000000004 0.411648836
2154.8 0.430010853
2166.7000000000003 0.411778269
2259.599999999999 0.336836265
2397.4999999999995 0.448752585
2221.1 0.544142129
2364.5 0.329302371
2202.7 0.414568148
2213.7000000000003 0.49140926
2390.2000000000003 0.322170629
2204.7999999999997 0.409711565
2287.2 0.385282349
2163.2 0.453845845
2226.899999999999 0.414359658
2264.7 0.368473166
2250.1 0.368612758
2205.8999999999996 0.466771794
2229.1 0.393730582
2461 0.444665418
2249.7999999999997 0.389409814
2182.6 0.361532291
2106.9 0.451311627
2172.7999999999993 0.495562987
2187.0999999999995 0.431112586
2137.2999999999997 0.47291644
2276.1999999999994 0.364205029
2396.2000000000003 0.450735753
2123.6 0.33667363
2306.399999999999 0.42664152
2252.9999999999995 0.326929822
2191.5 0.445100869
2211.4 0.38698917
2234.1 0.361456739
2257.5 0.361217808
2366.6000000000004 0.305751158
2138.0999999999995 0.410880324
2360 0.512617779
2318.8 0.429268568
2155.4 0.33701094
2156.4 0.445653115
2242.5999999999995 0.392739261
2357.6999999999994 0.457762671
2294.4 0.488324958
2202.3999999999996 0.459964872
2268.4 0.597465443
2435.9 0.341194001
2208.2999999999997 0.374655938
2127.5 0.373496335
2366.1 0.451300371
2184 0.414736481
2199.1999999999994 0.397582959
2315.9999999999995 0.38388661
2219.8 0.456904911
2505.4999999999995 0.510121914
2314.7999999999993 0.423240079
2320.5999999999995 0.480362504
2191.499999999999 0.490697497
2090.9999999999995 0.505508911
2391.6000000000004 0.410433099
2311.2999999999997 0.463875529
2297 0.403613629
2107.3 0.4083818
2283.2000000000003 0.371255858
2206 0.466100741
2220.6 0.51075531
2111.4999999999995 0.431325061
2268.5999999999995 0.405214381
2370.1999999999994 0.626261713
2249.7999999999997 0.439798905
2394.9999999999995 0.423287031
2144.8999999999996 0.520291259
2186.7999999999997 0.509881179
2334.1000000000004 0.535290029
2320.6 0.566950716
2292.8999999999996 0.654753818
2323.8 0.509310825
2240.2 0.39751248
2162.0999999999995 0.463463877
2221 0.489475325
2226.5 0.55186564
2131.6999999999994 0.410836241
2351.0999999999995 0.269509853
2350.7000000000003 0.466312536
2524.4 0.308107091
2269.7999999999997 0.40710202
2437.3 0.40064303
2239.3 0.418225314
2233.2999999999993 0.350051446
2290.2999999999997 0.303466928
2232.1999999999994 0.376900566
2140.4999999999995 0.285890912
2067.6999999999994 0.333742415
2181.2 0.386645284
2272.6999999999994 0.373711756
2303.999999999999 0.397674762
2197.7999999999997 0.368769272
2312.2 0.335923013
2360.2999999999997 0.30068376
2192 0.368301005
2145.7999999999997 0.32943641
2148.7999999999993 0.408538011
2033.6999999999996 0.279724481
2312.9 0.348141805
2234.3999999999996 0.406160164
2219.7 0.349525259
2236.0000000000005 0.380634563
2390.7000000000003 0.45451256
2271.1000000000004 0.353269805
2118.2 0.413590185
2170 0.422863692
2340.0000000000005 0.364997512
2117.3 0.365243095
2458.2999999999997 0.241723713
2202.9 0.324564141
2158.5 0.534516096
2131.999999999999 0.453029949
2252.8 0.458372165
2221.499999999999 0.41145956
2326.5 0.334376114
2330.2000000000003 0.429910224
2219.7999999999997 0.539028298
2226.7 0.39427329
2243.1 0.490018737
2030.7999999999995 0.340840078
2232.9 0.384626293
2417.9999999999995 0.353747926
2158.899999999999 0.421514187
2208.3 0.392349498
2155.9 0.451202623
2247.5 0.41905262
2319.2999999999997 0.4158359
2259.4 0.347444125
2333.7 0.375089059
2379.1 0.36896917
2422.3999999999996 0.350348383
2365.2000000000003 0.354993433
2365.9 0.424521903
2313.5999999999995 0.37296973
2330.5 0.438765725
2216.3000000000006 0.522339473
2192.899999999999 0.399234652
2102.6 0.441447621
2251.2 0.421234854
2163.8999999999996 0.389497916
2242.7 0.350778499
2300.7 0.420573903
2030.6999999999991 0.414031076
2180.6 0.516585989
2178.9 0.402650733
2126.7 0.476965017
2207.7 0.463899851
2408 0.414211371
2141.3 0.411181514
2148.3999999999996 0.371092118
2126.7 0.316547952
2296.2 0.455154266
2156.7999999999997 0.397180216
2354.7 0.341125674
2222.2 0.601645512
2095.2999999999997 0.403236911
2348.3999999999996 0.481689316
2212.8 0.433593738
2121.2999999999997 0.444697575
2242.9999999999995 0.295979338
2072.7 0.349968062
2284.0999999999995 0.383056112
2321.8 0.425038473
2277.7999999999997 0.423898438
2246.2 0.456974915
2136.7999999999997 0.473362989
2134.1999999999994 0.30197729
2298.1 0.364308312
2200.2000000000003 0.33908112
2170.3999999999996 0.463658163
2158.2 0.413925623
2037.1999999999994 0.565215955
2165.8999999999996 0.316759868
2095.6 0.455066931
2395.8 0.367156651
2165.3 0.408434279
2304.3999999999996 0.328708419
2240.7999999999997 0.398099054
2321.6 0.419703507
2187.6 0.400633863
2219.7999999999997 0.528111284
2241.2 0.427107318
2143.0999999999995 0.340336613
2200.7000000000003 0.325242034
2102.7 0.362534177
2319.9999999999995 0.526970975
2310.9 0.493768288
2345.7 0.336360415
2277.9 0.533268314
2136.7 0.382629886
2209.6 0.519008821
2266.2 0.290127389
2200.5 0.472565598
2207.7999999999997 0.43316619
2268.099999999999 0.419765316
2234.7 0.516298454
2115.7 0.562682303
2311.1999999999994 0.518839144
2312.0999999999995 0.49077394
2279.7 0.54796591
2281.2000000000003 0.422666804
2299.0999999999995 0.424913149
2150.2999999999997 0.499861723
2259 0.452209495
2185.2 0.437138054
2252.7999999999993 0.571760449
2064.8999999999996 0.476249284
2153.1999999999994 0.489751565
2233.4000000000005 0.438356603
2383.8 0.307745759
2436.1999999999994 0.368359647
2304.3 0.36782165
2259.4999999999995 0.359077489
2317.699999999999 0.27891001
2408.2999999999993 0.391253329
2184.499999999999 0.344720428
2268 0.359930219
2277 0.309984566
2211.9999999999995 0.383147965
2167.9 0.32380509
2299.9 0.406358778
2336.8999999999996 0.373573876
2274.5999999999995 0.419014689
2297.9999999999995 0.398095687
2243.2 0.392164183
2351.3 0.492538175
2279.7999999999993 0.35173043
2142.9999999999995 0.419314481
2300.9000000000005 0.377657768
2334.9 0.408705165
2235.2 0.33009917
2152.7999999999993 0.324110388
2181.6 0.488101321
2190.2999999999997 0.457971677
2157.2 0.435042415
2029.4999999999995 0.442166038
2284.4999999999995 0.407546339
2146.2999999999997 0.444488867
2335.3 0.432992917
2418.6000000000004 0.417228747
1970.7999999999997 0.379202338
2200.7999999999997 0.447371853
2324.0999999999995 0.408453267
2217.5999999999995 0.412339874
2173.999999999999 0.390573368
2027.9999999999993 0.359686145
2313.2999999999997 0.360223098
2085.3999999999996 0.415526854
2281.7999999999997 0.366675093
2132.4999999999995 0.43514274
2270.6 0.465763889
2320.900000000001 0.47826612
2283.399999999999 0.368882412
2296.9 0.316127294
2121.9 0.46585088
2334.6 0.457838904
2251.899999999999 0.34696978
2259.4000000000005 0.460041656
2352.1 0.360267724
2289.3999999999996 0.476338509
2252 0.37133438
2306.2999999999997 0.353582977
2297.6 0.395880024
2336.9999999999995 0.417518926
2261.2000000000003 0.402441665
2226.3 0.468312382
2171.2 0.355435294
2542.3999999999996 0.391948489
2197.599999999999 0.424636945
2282.999999999999 0.459168064
2355.1 0.433985754
2336.6000000000004 0.458527612
2306.7 0.425677898
2267.999999999999 0.460549962
2418.1999999999994 0.522423721
2407.8999999999996 0.380262414
2353 0.484817919
2301.0999999999995 0.558941703
2115.6 0.410928244
2223.2 0.332219572
2287.7000000000007 0.488545691
2364.5000000000005 0.416062546
2237.0999999999995 0.391351078
2143.9999999999995 0.454731403
2266.7 0.41957865
2303.0999999999995 0.619657544
2161.3999999999996 0.345615117
2245.8999999999996 0.470107132
2325.5 0.444902
2222.4 0.424828387
2180.999999999999 0.473693076
2281.1999999999994 0.27995619
2307.5 0.457866872
2219.9999999999995 0.502788427
2274 0.626832884
2152.2 0.385903831
2335.899999999999 0.38409447
2387.4000000000005 0.469881736
2252.7 0.418396233
2287.0000000000005 0.48539775
2201.9 0.429497012
2302.3 0.479548964
2363.1 0.326245044
2278.1 0.357299028
2414.6000000000004 0.373350236
2304.7 0.439112692
2385.899999999999 0.402387297
2149.9999999999995 0.447815609
2261.8999999999996 0.506443461
2266.9 0.465603709
2266.7000000000003 0.417778084
2278.1999999999994 0.399089069
2393.8999999999996 0.334097159
2173.7999999999997 0.407520755
2226.6 0.443608491
2346.6 0.344605328
2116.3999999999996 0.40990651
2162.3999999999996 0.434475268
2396 0.430518136
2230.1 0.479572081
2145.399999999999 0.31138675
2196.1 0.393917707
2076.9 0.572043722
2183.4999999999995 0.542821512
2192.999999999999 0.49148175
2360.3999999999996 0.497025559
2283.3 0.599349012
2363.1 0.554558691
2271.7000000000003 0.410078879
2168.7999999999997 0.435027467
2367 0.601448384
2315.8999999999996 0.507427613
2133.999999999999 0.508301895
2104.8999999999996 0.460323739
2223.7 0.579206052
2210 0.424372318
2209 0.318993461
2216.0999999999995 0.336010567
2298.5 0.323666393
2156 0.389803851
2400.7999999999993 0.254210119
2398.399999999999 0.297531229
2162.899999999999 0.272566858
2238.2999999999997 0.370779718
2350 0.462358997
2241.7 0.366454079
2212.7999999999993 0.375898031
2093.5999999999995 0.29938056
2177.3999999999996 0.266650421
2272.2999999999997 0.391334838
2337.7999999999993 0.45901518
2133.0999999999995 0.35402408
2162.9 0.351074623
2164.2 0.301244671
2087.7 0.405514026
2220.999999999999 0.33661583
2386.7999999999997 0.362178079
2224.8999999999996 0.300370505
2131.1 0.371058904
2254.4999999999995 0.390388291
2302.0999999999995 0.456993991
2257.6 0.414763715
2074.5 0.491721512
2203.6999999999994 0.389096717
2172.0999999999995 0.464059412
2128.9999999999995 0.3856869
2155.9 0.434837023
2222.6000000000004 0.386733696
2231.499999999999 0.442853163
2211.7 0.424579872
2317.7999999999993 0.335075057
2329.5000000000005 0.485652611
2337.0000000000005 0.374491421
2141.2999999999997 0.41009041
2285.3999999999996 0.432863756
2176.8999999999996 0.310468281
2255.8999999999996 0.396794456
2255.3 0.504615238
2168.899999999999 0.415922059
2211.4 0.348153661
2279.6999999999994 0.330931959
2133.9 0.393208474
2220.1 0.360652575
2311.6 0.435851315
2223.0999999999995 0.377318636
2157 0.479790607
2186.7999999999997 0.448412645
2336.399999999999 0.399167542
2208.2999999999993 0.375023193
2160.8 0.403847446
2182.8999999999996 0.482769172
2289.8 0.449369019
2369.2999999999997 0.36228326
2353.699999999999 0.380001139
2357.9 0.420293408
2279.9999999999995 0.52216442
2111.2000000000003 0.394905528
2139.3999999999996 0.431648096
2254.8999999999996 0.439102066
2217.3999999999996 0.408312897
2143.4999999999995 0.347124972
2244.7 0.393948144
2227.3999999999996 0.402317293
2199.1999999999994 0.393028746
2278.3999999999996 0.32579915
2324.7000000000003 0.4985204
2328.4000000000005 0.406559328
2245.1 0.435131493
2267.1 0.327326825
2268.0000000000005 0.468269747
2390.1 0.310907879
2135.7 0.375467396
2217.7 0.412436572
2265 0.389430586
2165.2 0.400296564
2288.4999999999995 0.469435024
2130.1000000000004 0.623086364
2374.6 0.448510562
2217.0999999999995 0.463807333
2245.2999999999997 0.485584454
2357.7 0.426238562
2261.7999999999993 0.418162617
2386.2 0.32895886
2105.7 0.648091296
2447.1000000000004 0.242383562
2284.1 0.388976618
2119.6 0.397168161
2196.9999999999995 0.441420721
2155.2 0.398225128
2133.5999999999995 0.62548009
2223.2999999999993 0.434831145
2087.8999999999996 0.485568512
2239.4999999999995 0.3952707
2329.8999999999996 0.630659885
2010.8999999999994 0.474920432
2191.1 0.394937135
2214.6999999999994 0.473402502
2208.2999999999993 0.363026811
2300.2 0.351013525
2405.2 0.329104955
2411.0999999999995 0.551228055
2292.6 0.479793576
2117.7999999999993 0.392990872
2188.5999999999995 0.464130279
2099.9 0.486934962
2267.5999999999995 0.537571787
2206.8 0.395243597
2180.2 0.38632573
2293.8999999999996 0.466176162
2153.4999999999995 0.494524918
2363.1 0.510261363
2116.3 0.48137623
2271.7 0.528932244
2161.4 0.635480873
2332.1 0.436510955
2212.8 0.631141667
2082.6999999999994 0.575917515
2464.8000000000006 0.477274647
2084.2999999999993 0.649456211
2199.9999999999995 0.453818565
2122.199999999999 0.485933811
2294.9999999999995 0.480048735
2213.2000000000007 0.420049056
2278.0000000000005 0.48612487
2236.6999999999994 0.322882352
2110.7 0.323928609
2212.8 0.424240157
2230.5999999999995 0.328470192
2240.2000000000003 0.31688366
2161.699999999999 0.362143463
2275.2999999999997 0.289559538
2132.3999999999996 0.454682857
2345.1000000000004 0.344222154
2220.2999999999997 0.385418156
2110.7999999999993 0.424158985
2327.1 0.381750752
2128.8000000000006 0.338995833
2016.5999999999997 0.393937707
2312.100000000001 0.352324827
2125.0999999999995 0.241784817
2238.8999999999996 0.372966875
2245.8000000000006 0.316503694
2108.3999999999996 0.325705567
2345 0.353361514
2191.7 0.330481965
2239.8999999999996 0.394620341
2385 0.452555973
2409.8 0.335970878
2324.2999999999993 0.358326645
2267.7999999999997 0.391387658
2372.4 0.375424934
2392.5 0.385004881
2290.899999999999 0.475505998
2335.999999999999 0.342721915
2275.7999999999997 0.4788144
2314.1 0.405941553
2269.2 0.381585513
2325 0.479532625
2221.9999999999995 0.518820125
2296.7999999999997 0.475580502
2198.9 0.44434055
2203.0000000000005 0.379651043
2071.2999999999993 0.412525681
2293.7000000000003 0.324722404
2253.7 0.392965517
2238.4999999999995 0.301773675
2300.0999999999995 0.432705773
2175.5999999999995 0.438118282
2288.8 0.361438973
2216.7999999999997 0.352411929
2108.2999999999997 0.350289677
2188.2 0.433302997
2189.6 0.388004864
2237.0999999999995 0.436080015
2247.3999999999996 0.43126882
2333.9 0.405619136
2144.6999999999994 0.379330565
2252.9 0.524122147
2298 0.369322215
2311.9 0.433750627
2340 0.361635043
2221.9000000000005 0.330218551
2378.5 0.357240967
2309.7 0.342163107
2164.0999999999995 0.368272057
2082.1 0.425921322
2314.5000000000005 0.410800301
2274.9999999999995 0.445694375
2068.7000000000003 0.40269581
2102.6 0.410977613
2306.2 0.433867007
2279.7000000000003 0.328464439
2202.5 0.434696523
2183.3999999999996 0.398916052
2369.6 0.292464341
2235.5 0.549116832
2321.399999999999 0.508763055
2335.7999999999997 0.438550503
2161.3 0.350897735
2094.1 0.489904287
2230.2999999999997 0.435747201
2191.9000000000005 0.557149217
2305.2999999999997 0.547440544
2238.9000000000005 0.434737049
2283.8999999999996 0.452326975
2343.9999999999995 0.439686923
2314.7999999999997 0.445896779
2257.9999999999995 0.461853088
2235.3 0.471614427
2316.0999999999995 0.447703501
2313 0.412198262
2297.6999999999994 0.621654796
2309.6999999999994 0.393632348
2167.7999999999993 0.485091574
2255.5 0.500941452
2109.8999999999996 0.469818815
2195.6999999999994 0.339088371
2301.1999999999994 0.41808423
2302.9000000000005 0.436427681
2304.7999999999997 0.417061175
2159.9999999999995 0.345340926
2202.4 0.29637202
2301.399999999999 0.345109809
2291.2999999999997 0.556679734
2250.7000000000003 0.527966201
2306.3 0.454189336
2311.3999999999996 0.439266949
2170.2000000000007 0.345357753
2150 0.414823919
2330.9 0.507636832
2378.1 0.370137607
2196.7999999999993 0.469876279
2333.6000000000004 0.379427755
2256.8999999999996 0.385643472
2497.2000000000003 0.557167232
2152.3999999999996 0.506986887
2242.8999999999996 0.337000061
2189.4999999999995 0.416548867
2065.5 0.608616487
2183.6 0.603785784
2163.4000000000005 0.575808796
2158.5999999999995 0.53903041
2356.3 0.592609682
2137 0.577265374
2342.5000000000005 0.431906618
2373.5 0.561982541
2345.5 0.499658898
2276.2999999999997 0.408653329
2163.2 0.667862411
2253.7000000000003 0.494702746
2332.1 0.48948469
2389.6000000000004 0.317012006
2207.2000000000003 0.363851515
2217.5 0.452543618
2339.9999999999995 0.424895594
2318.1 0.301904505
2226.0999999999995 0.351240174
2296.7999999999993 0.251218423
2334.6 0.355070903
2178.2 0.273596173
2197.5999999999995 0.296738206
2123.7999999999997 0.341335468
2498.2 0.300271745
2134.7999999999997 0.404318001
2353.0999999999995 0.398178495
2333.3 0.336788129
2187.7000000000003 0.325422003
2132.5 0.389918519
2253.5000000000005 0.393944017
2237.899999999999 0.367019973
2195.0000000000005 0.368300943
2299.4999999999995 0.306452543
2240.9999999999995 0.407674668
2342.2 0.373288238
2256.9000000000005 0.42649388
2189.5999999999995 0.456442799
2298.4 0.40377854
2172.6 0.292871518
2288.2999999999993 0.405229021
2295.6999999999994 0.485036284
2145.7999999999997 0.311312774
2239.9999999999995 0.43348095
2184.0000000000005 0.340517406
2241.0999999999995 0.405964596
2208 0.479163478
2266.9 0.405282946
2256.7999999999993 0.367540754
2138.5 0.357801094
2297.2999999999997 0.34629371
2262.4 0.43599802
2085.4999999999995 0.410486648
2100.1999999999994 0.47088368
2279.0000000000005 0.370391698
2309.0000000000005 0.338431356
2379.3999999999996 0.367251251
2301.1999999999994 0.377270207
2354.9999999999995 0.394647434
2189.9 0.330662739
2210.4999999999995 0.438637251
2199.1000000000004 0.49088561
2217.5999999999995 0.501863079
2317.2 0.406217058
2381.1 0.44335739
2223.8999999999996 0.370665397
2225.7000000000003 0.421550769
2040.1000000000001 0.388213786
2345.4999999999995 0.351926364
2214.7 0.380903345
2332.0999999999995 0.428520349
2421.0000000000005 0.369298289
2063.8999999999996 0.396558103
2343.6999999999994 0.503315592
2393.2 0.431949267
2311.5999999999995 0.381106475
2141.7999999999993 0.405419591
2320.1 0.337518114
2201.1 0.457016365
2171.4999999999995 0.45965455
2078.0999999999995 0.50487363
2299.7000000000003 0.349530536
2274.6000000000004 0.458313352
2214.999999999999 0.421731125
2428.7999999999993 0.49278663
2424.999999999999 0.347648515
2112.7000000000003 0.370140479
2218.5999999999995 0.432501519
2394.6 0.319972713
2236.8999999999996 0.467349255
2370.3 0.35567824
2241.0999999999995 0.512813427
2336.3 0.585634596
2355.5 0.506131974
2269.5 0.498884815
2195.0999999999995 0.409113655
2249.7000000000007 0.476115036
2224.9 0.421890714
2189.599999999999 0.492989407
2204.6000000000004 0.478680732
2299.8 0.41597466
2233.8 0.373633439
2190.0999999999995 0.395037394
2304.3999999999996 0.418565605
2318.7999999999997 0.382394586
2227.9 0.345022469
2239.1 0.496192504
2043.0999999999992 0.374829495
2076.6000000000004 0.415314545
2217.3999999999996 0.488648843
2270.7999999999997 0.368846895
2358.9 0.346869666
2261.7999999999997 0.359791269
2182.2999999999993 0.467641063
2238.8 0.432689511
2259.9 0.520722459
2204.3 0.464377973
2311.8 0.394761611
2127.6000000000004 0.541555843
2318.2 0.389754736
2247 0.401066366
2105.3 0.369849281
2358.1999999999994 0.385192141
2288.2 0.409830016
2177.7 0.492276386
2459.4999999999995 0.572768508
2301.2000000000003 0.32692533
2189.1 0.297699329
2234.2999999999997 0.414984931
2375.6999999999994 0.514321619
2377.9 0.671037042
2153.4999999999995 0.561882821
2155.1 0.51024112
2254.2999999999997 0.590142889
2157.2 0.522085315
2305.2999999999993 0.543484276
2202.9999999999995 0.47257336
2291.1 0.46953163
2222.2000000000003 0.539031995
2131.9999999999995 0.489557953
2232.1000000000004 0.431044112
2223.2000000000003 0.501043901
2185.7999999999993 0.393142755
2197.899999999999 0.371587699
2233.4 0.306955265
2208.3999999999996 0.36160084
2112.3 0.43145856
2348.2999999999997 0.37248918
2074.7999999999993 0.353039824
2221.0000000000005 0.390931921
2348.1999999999994 0.232359044
2178.2 0.400082115
2236.7 0.392679342
2239.2999999999997 0.394961355
2104.6 0.355456629
2255.9 0.432392468
2086.1 0.460407613
2243.1 0.433970098
2350.1 0.39231661
2254.0999999999995 0.472963724
2284.7999999999997 0.456395744
2297.2 0.387564155
2483 0.341543412
2264.3999999999996 0.421472549
2155.7999999999997 0.415369652
2287.0000000000005 0.47293835
2089.4999999999995 0.333585517
2377.8999999999996 0.535603209
2320.2 0.489693567
2175.8999999999996 0.325939863
2058.8999999999996 0.322327004
2217.7 0.392875806
2172.3999999999996 0.402540113
2258.7999999999997 0.314650831
2329.6 0.488312851
2233.2999999999993 0.472572728
2167.8 0.473717531
2229.6 0.44928144
2359.9 0.405039933
2124.9999999999995 0.411828424
2209.7 0.316817493
2075.2 0.323057377
2298.3 0.405062272
2370.7000000000003 0.39786645
2131.3999999999996 0.337652782
2193.7 0.408238975
2205.2000000000003 0.47991221
2257.6000000000004 0.42046411
2334.6 0.484853148
2223.4 0.441201065
2270.8999999999996 0.496384522
2300.2 0.288476845
2304.099999999999 0.403604048
2316.8000000000006 0.459266869
2193.7999999999997 0.358735867
2265.1 0.394543558
2210.1000000000004 0.395469118
2273.4999999999995 0.50319641
2101.8999999999996 0.478551887
2340.2 0.579098265
2248.6999999999994 0.476898018
2376.5999999999995 0.391533434
2373.7 0.428583163
2212.3999999999996 0.412402046
2244.6000000000004 0.456265035
2321.7999999999997 0.473862214
2233.399999999999 0.433543486
2322.399999999999 0.328209446
2214.5 0.41656969
2262.6 0.407663115
2269.8999999999996 0.522486026
2170.3999999999996 0.433940841
2341.2999999999993 0.404698238
2358.6000000000004 0.416219775
2144.5 0.409616603
2332.0000000000005 0.445621897
2009.7 0.519401779
2376 0.317531216
2253.4 0.431424378
2290.2999999999997 0.621950346
2331.1 0.478960266
2256.0999999999995 0.501313945
2121.7 0.586176515
2302.5 0.354479107
2230.4999999999995 0.451219087
2168.7 0.418090108
2318.0999999999995 0.371318815
2147.7 0.588071099
2070.8999999999996 0.338249599
2175.4000000000005 0.430963607
2129.6 0.401904772
2223.599999999999 0.418346889
2136.7 0.460612203
2342.2 0.406151146
2258.9 0.36965846
2330.000000000001 0.454964747
2210.8999999999996 0.33321136
2300.4999999999995 0.362111484
2262.0999999999995 0.437278455
2215.8 0.420978777
2315.1 0.444380376
2172.7999999999997 0.512063203
2274.4 0.436445767
2154.1999999999994 0.494448407
2249.7999999999993 0.363587328
2163.5999999999995 0.378795862
2162.2 0.359119904
2175.5999999999995 0.31578175
2235.6 0.489459653
2251.6 0.549377921
2327.8999999999996 0.504233745
2094.3999999999996 0.623111821
2311.5 0.391483067
2137.3999999999996 0.535764425
2325.099999999999 0.504161001
2255.3999999999996 0.569808124
2354.9999999999995 0.545057767
2306.0999999999995 0.451246741
2276.5 0.481597644
2295.7999999999997 0.652273664
2145.3999999999996 0.436277522
2277.9999999999995 0.467706741
2406.2999999999997 0.514903787
2189.4 0.612072644
2395.7 0.545601391
2190.9 0.441905083
2374.8 0.392350799
2140.5 0.330194054
2212.1000000000004 0.295757228
2299.5999999999995 0.487784544
2188.1999999999994 0.348546133
2417.7999999999997 0.354663585
2289.1000000000004 0.418067566
2278.2 0.371214751
2349.7 0.419601634
2484.5000000000005 0.347259457
2337.9000000000005 0.338031022
2110.2 0.396012161
2182.0999999999995 0.365401939
2365.1 0.406214605
2414.4000000000005 0.354306364
2260.4999999999995 0.38156551
2351.4999999999995 0.295057737
2142.9999999999995 0.369550087
2269.1999999999994 0.328718303
2192.8999999999996 0.371949391
2127.6999999999994 0.444541818
2272.2999999999997 0.423792927
2403.4999999999995 0.401711245
2060.8999999999996 0.420564973
2388.9 0.411416799
2192.3999999999996 0.430420461
2283.7 0.352006357
2262.1999999999994 0.366939264
2363.3 0.407088024
2177.4999999999995 0.374050263
2169.7 0.344556834
2109.2 0.497574512
2245.5 0.338875733
2298.599999999999 0.452462868
2264.7 0.623002947
2445.7000000000003 0.387963046
2226.4999999999995 0.356981785
2372.9999999999995 0.37634265
2285.5 0.380079673
2177.1000000000004 0.412735619
2349.2 0.357054469
2218.5000000000005 0.323192602
2274.6 0.333950616
2181.7999999999997 0.402806949
2185 0.437572312
2340.2999999999993 0.284360559
2184.7999999999997 0.4220235
2159.5 0.491449698
2162.9 0.289861065
2193.4999999999995 0.460135266
2278.5 0.430615376
2159.2 0.467561911
2285.2 0.393536919
2315.6 0.367475948
2308.7999999999993 0.411727341
2117.1999999999994 0.465897021
2330.7999999999997 0.419625408
2126.799999999999 0.444425814
2210.5999999999995 0.461885535
2282.2000000000003 0.441750826
2182.6 0.439399139
2390.9999999999995 0.424104419
2393.2000000000003 0.434498114
2298.2999999999997 0.383742797
2312.7 0.332366106
2177.5999999999995 0.420887816
2223.2999999999997 0.400859277
2210.399999999999 0.385999319
2283.4999999999995 0.369294614
2404.3 0.485902209
2235.1 0.419911146
2363.600000000001 0.460981193
2270.2999999999997 0.409322801
2329.7 0.389336622
2368.9999999999995 0.448168403
2308.7000000000003 0.487178726
2194.6 0.425551302
2156.7999999999997 0.464595678
2225.6000000000004 0.339091969
2240.5999999999995 0.520035245
2194.9 0.315450072
2294.7999999999997 0.380896734
2219.2 0.364447401
2276.2999999999997 0.500168741
2237.2000000000003 0.427091455
2246.4999999999995 0.405433157
2100.2 0.354509424
2304.6000000000004 0.347318793
2114.6 0.405536761
2287.1 0.419777257
2244.7999999999997 0.522976963
2169.7 0.489262309
2306.6 0.436873347
2197.3999999999996 0.414730634
2195.2 0.437725365
2176.2999999999993 0.524804733
2213.8 0.47530398
2259.5 0.330978381
2244.7999999999997 0.479186036
2223.9 0.441259301
2300.0000000000005 0.472924058
2239.3 0.536744203
2214.2 0.421614557
2467.7999999999993 0.444315072
2188.1999999999994 0.331630448
2326.899999999999 0.37156607
2453 0.321023749
2245.2999999999997 0.4512254
2107.6000000000004 0.393570197
2360.899999999999 0.284620242
2236.5000000000005 0.48408256
2362.1 0.456949065
2329.7 0.391733763
2338.6 0.553964849
2266.6999999999994 0.492752442
2259.6000000000004 0.465347212
2254.2 0.671419425
2296.8999999999996 0.517772971
2299.5999999999995 0.530819912
2243.099999999999 0.467813117
2241.2 0.505458178
2311.2999999999997 0.701319566
2276.2000000000003 0.59485417
2334.8999999999996 0.461679748
2039.7999999999997 0.532000283
2058.8999999999996 0.470972081
2212.499999999999 0.553105225
2191.6 0.426856547
2261.8999999999996 0.465367802
2295.7000000000003 0.417287356
2239.2999999999997 0.351700446
2205.7 0.386238463
2252.4 0.404349187
2185.999999999999 0.233600892
2327.7999999999997 0.351540982
2397.7 0.372988954
2230.6 0.330768184
2243.8 0.310855524
2076.3 0.376634252
2389 0.331538949
2198 0.267846563
2321.1999999999994 0.376489146
2337.1 0.308227984
2232.8999999999996 0.361593989
2115.099999999999 0.453896074
2144.7999999999997 0.314697841
2315.2000000000003 0.324972373
2209.2999999999993 0.353992678
2245.1 0.454787525
2307.1999999999994 0.419786063
2277.4999999999995 0.441011633
2089.4999999999995 0.340539625
2101.3 0.485529922
2130.5999999999995 0.457286363
2245.7 0.410868892
2216.8 0.437297568
2235.6 0.559374471
2165.6 0.411521764
2251.0000000000005 0.399620797
2311.899999999999 0.316427571
2325.9999999999995 0.319100945
2296.8999999999996 0.448598052
2252.0000000000005 0.566792546
2319.7 0.479898685
2360 0.436426313
2122.1999999999994 0.424186915
2194.8999999999996 0.337182057
2278.0999999999995 0.43295111
2307.6999999999994 0.345844489
2533.2000000000007 0.428135666
2286.9999999999995 0.36660048
2288.0999999999995 0.308144076
2117 0.417838991
2314.2 0.41173888
2117.9999999999995 0.411460452
2189.7 0.302809671
2272.499999999999 0.323913341
2335.6 0.455309794
2263.6 0.517457194
2222.2000000000007 0.438124117
2231.4000000000005 0.39876397
2313.1 0.376484556
2326.2999999999993 0.507248564
2185.5999999999995 0.452809972
2109.899999999999 0.538316705
2311 0.41744271
2172.6000000000004 0.380755865
2215.6000000000004 0.338093535
2181.1 0.502580122
2279.6000000000004 0.375865368
2238.6000000000004 0.407839695
2099.7999999999993 0.323805065
2041.6999999999996 0.463706811
2290.6999999999994 0.368440342
2331.0999999999995 0.390203967
2077.3999999999996 0.453210068
2088.6999999999994 0.327290419
2243.999999999999 0.305081
2224.4000000000005 0.459981554
2434.2 0.476382173
2213.5 0.429061819
2333.7999999999993 0.319440459
2287.8999999999996 0.397004746
2338.5999999999985 0.410871454
2262.1 0.486298682
2203.2999999999993 0.54780186
2339.2999999999997 0.344410742
2236.4 0.451920538
2296.3999999999996 0.379540141
2150.4999999999995 0.492784485
2225 0.408852964
2353.2999999999997 0.387575254
2198.1 0.429515086
2271.699999999999 0.41937597
2280.1999999999994 0.286428383
2274.2 0.459063594
2294.2 0.579161721
2284.7 0.348089027
2281.8 0.405133757
2021.5 0.443772518
2236.8 0.419948446
2339.3 0.469347676
2092.8999999999996 0.411396621
2281 0.428900414
2362.5999999999995 0.428803941
2210.7999999999993 0.42914752
2387.099999999999 0.464311812
2296.5999999999995 0.425066064
2184.8 0.404797643
2333.8999999999996 0.500774387
2154.4999999999995 0.385466233
2082.6999999999994 0.575875202
2247.699999999999 0.373572833
2401.6999999999994 0.387717807
2072.7999999999997 0.460091417
2343.2999999999997 0.444465583
2320.399999999999 0.464226962
2218 0.46628413
2296.8999999999996 0.448656762
2055.2 0.608895043
2328.3999999999996 0.426230362
2128.7 0.438264767
2268.3999999999996 0.507632525
2136.5999999999995 0.561818734
2251.399999999999 0.575525252
2253.7 0.452261341
2255.9 0.397936909
2334.2999999999997 0.485383109
2298.2999999999993 0.449352549
2311.1 0.59757766
2263.5999999999995 0.532840615
2308.6000000000004 0.621209698
2293.7999999999997 0.455192973
2196.6 0.65289593
2102.2999999999997 0.504204057
2266.7999999999997 0.514749508
2251.6 0.45420999
2401.7999999999997 0.407466591
2299.1 0.382254321
2195 0.349901955
2212.1 0.403140129
2302.1999999999994 0.343809287
2325.1 0.350708517
2291.100000000001 0.453575745
2202.8000000000006 0.35217099
2359.2000000000003 0.404585177
2306.9999999999995 0.38265386
2364.6999999999994 0.390077713
2283.9000000000005 0.401642222
2249.6999999999994 0.425376965
2238.6999999999994 0.290399152
2196.4999999999995 0.373436944
2227.7000000000003 0.378726401
2147.7999999999997 0.351217011
2250.9 0.357019337
2342.7999999999993 0.423655337
2438.5999999999995 0.325134736
2360.1 0.411581241
2164.5 0.475538645
2396.899999999999 0.423673737
2326.8999999999996 0.429254876
2148 0.503982629
2346.8999999999996 0.351547729
2290.8 0.373548023
2235.1999999999994 0.381475008
2351.5 0.364816878
2275.2999999999997 0.310402362
2395.5 0.5277352
2108.0000000000005 0.614315595
2259.9999999999995 0.359844205
2411.599999999999 0.389995828
2173.3999999999996 0.295651495
2405.4 0.452672249
2224.3 0.417859955
2229.999999999999 0.319066664
2277.4 0.42166748
2217.5 0.416207268
2194.6999999999994 0.354942966
2296 0.388708488
2313.4999999999995 0.446583924
2222.1 0.457181755
2154 0.425312915
2358.9000000000005 0.325549733
2373.7999999999993 0.316842954
2238.2999999999993 0.500503789
2219.5 0.484805915
2251.5000000000005 0.381289419
2152.2999999999997 0.361932409
2261.2999999999997 0.496309887
2245.5 0.422371148
2313.5 0.475707101
2183.6000000000004 0.427152133
2326.8999999999996 0.34477735
2207.3 0.426664059
2361.7999999999997 0.401390456
2355.1999999999994 0.374616128
2236.8000000000006 0.466936949
2354.7 0.428053351
2135 0.390788253
2262.0999999999995 0.442309897
2351.3 0.365790611
2111.3 0.442644287
2261.6000000000004 0.284598775
2209.2000000000003 0.383757299
2069.5999999999995 0.428764911
2173.7999999999993 0.454030605
2372.8999999999996 0.450887233
2384.9 0.378815606
2263.8999999999996 0.400141645
2270.9 0.283979231
2319.9000000000005 0.309579037
2441.8 0.511820601
2234.4999999999995 0.41002912
2219.8000000000006 0.360194956
2186.9999999999995 0.471982098
2265.5 0.448309893
2462.3999999999996 0.439643111
2051.2 0.380791273
2301.5999999999995 0.447143746
2264.9000000000005 0.452128648
2241.6 0.466113289
2328.2999999999993 0.42741796
2317.999999999999 0.300215361
2284.7 0.476499218
2321.3 0.325919032
2251.7 0.315506351
2195.9999999999995 0.468071736
2335.7 0.45309648
2227.9 0.562721682
2174.5999999999995 0.337863576
2201.9 0.51723786
2128.7999999999993 0.334661002
2351.0999999999995 0.463323585
2316.2999999999997 0.492668339
2094.7 0.470058714
2228.6 0.44952954
2419.6 0.374764607
2172.4999999999995 0.466386059
2387.2 0.412189813
2277.4 0.437771793
2269.1 0.420299599
2204.8999999999996 0.344428746
2339.1 0.47703342
2278.4999999999995 0.400578422
2254.2 0.424420435
2326.0999999999995 0.380626971
2162 0.442386811
2362.9999999999995 0.435089978
2290.4999999999995 0.388152222
2363.0000000000005 0.47785756
2239.2000000000003 0.67113501
2221.2 0.504913654
2157.3 0.464952103
2044 0.461311428
2381.5000000000005 0.535795245
2231.2999999999997 0.338235042
2359.2 0.448709083
2116.8999999999996 0.562513327
2339.7999999999993 0.390351977
2414.4 0.619664578
2233.8999999999996 0.518867217
2147.3 0.545469113
2119.3999999999996 0.488641058
2330.7000000000003 0.546020181
2140.6 0.522879917
2183 0.347077608
2100.8999999999996 0.327395282
2294.4 0.322076578
2302.8999999999996 0.334467269
1962.7 0.377725669
2188.5 0.392914911
2098.8999999999996 0.324613099
2170.4999999999995 0.349870633
2347.2000000000003 0.340492906
2242.2 0.420149267
2404.5000000000005 0.413038816
2322.2 0.309142443
2276.1999999999994 0.409078018
2305.6 0.46705077
2380.4 0.397123178
2288.4999999999995 0.366133908
2136.9999999999995 0.369117228
2263.7999999999993 0.423082795
2443.8999999999996 0.337789197
2183.2000000000003 0.466701625
2305.6 0.466981211
2176.3 0.384169877
2251.7999999999997 0.43589096
2188.899999999999 0.479037018
2246.5 0.463587842
2168.7000000000003 0.552413744
2200.1 0.434745832
2266.899999999999 0.313583226
2288.1 0.38915905
2069.4999999999995 0.410848929
2234.7 0.408661904
2235.5000000000005 0.486919698
2157.8 0.477988104
2248.6 0.4880008
2131.4999999999995 0.39747797
2246.7999999999997 0.447721581
2087 0.321202572
2159.9 0.453900007
2301.2000000000003 0.358646698
2156.7999999999997 0.356301984
2299.3999999999996 0.396857994
2233.1 0.272429948
2183 0.372348394
2340.7999999999993 0.406716256
2261.2999999999993 0.419057081
2358.7 0.430929862
2294.2999999999993 0.516023374
2275.2 0.424831233
2223.2 0.457470636
2231.5 0.363925969
2445.100000000001 0.525440209
2329.1000000000004 0.527126636
2590.1 0.393258991
2256.2000000000003 0.530078703
2289.1000000000004 0.439368493
2266.9999999999995 0.370455506
2174.9999999999995 0.420526237
2238.3 0.499840394
2399.6 0.432760038
2170.2999999999997 0.410714769
2145.5 0.331090494
2355.7999999999997 0.482849123
2268.0999999999995 0.488543584
2369.0999999999995 0.395984743
2348.1 0.417874807
2214.4000000000005 0.4369648
2181.9 0.560772634
2246.9999999999995 0.42818818
2317.9999999999995 0.347244832
2188.4 0.420383515
2220.1999999999994 0.351260241
2141.7 0.495250563
2408 0.430019957
2219.5999999999995 0.451320357
2158.2999999999997 0.463904742
2240.3 0.431905478
2334.2000000000003 0.385972699
2296.5 0.472327598
2222.7999999999997 0.523781422
2168.9999999999995 0.397489944
2188.1999999999994 0.374898894
2223.7 0.304566987
2237.3 0.475081721
2199.3999999999996 0.447526265
2200.1999999999994 0.356601597
2320.5 0.517987283
2158.7000000000003 0.481514826
2338.2 0.423716468
2270.3 0.364774983
2132.5999999999995 0.502781669
2170.9999999999995 0.441800798
2217.6999999999994 0.386664513
2239.7999999999997 0.527922484
2166.7999999999993 0.374101025
2334 0.404170469
2299.299999999999 0.428080852
2187.1999999999994 0.453802958
2279.0999999999995 0.595267006
2282.4999999999995 0.436117489
2234.7999999999997 0.488217961
2133.8 0.532923988
2379.5000000000005 0.458174645
2329.9999999999995 0.450868976
2257.9 0.496885789
2248.2 0.51062657
2193.4999999999995 0.420790733
2280.3999999999996 0.3923987
2210.2 0.429746318
2329.4 0.473060424
2251.8999999999996 0.552164406
2309.8 0.597148118
2194.3999999999996 0.606216828
2294.8999999999996 0.563396533
2246.699999999999 0.532778352
2193.699999999999 0.528274898
2230.6999999999994 0.615973744
2235.8 0.481330945
2282.8 0.536586184
2303.2000000000003 0.334521358
2438.8999999999996 0.493392202
2295.1 0.459269668
2136.6 0.64315225
2304.2000000000003 0.510240445
2314.1999999999994 0.356762245
2237.1 0.348982918
2232.799999999999 0.38558121
2139.8999999999996 0.276444169
2226.3999999999996 0.350783561
2165.2999999999993 0.326338422
2271.8999999999996 0.27020307
2158.2 0.309614197
2131.399999999999 0.278556089
2276.8 0.359363226
2280.1 0.320285888
2188.5999999999995 0.31636148
2174.2999999999997 0.355501003
2153.7999999999993 0.395433005
2282.8 0.334072867
2308.1000000000004 0.540794715
2270.000000000001 0.247642039
2496.9 0.401654501
2280.7 0.349426016
2263.4999999999995 0.369087259
2376.0000000000005 0.365760821
2401.8999999999996 0.400822786
2207.2 0.394907935
2101.0999999999995 0.49187142
2146.0999999999995 0.482684082
2249.2999999999997 0.407702597
2376.5 0.279772677
2243.099999999999 0.478387508
2088.8999999999996 0.393449212
2272.1 0.374017481
2300.4 0.439385351
2289.0999999999995 0.3754199
2252.5 0.366374572
2151.899999999999 0.618134624
2338.1 0.394786214
2134.5999999999995 0.313310507
2174.7 0.358141997
2157.9 0.338004412
2220.4999999999995 0.438026606
2263.4 0.357291718
2210.2999999999997 0.463793909
2252.6 0.376607477
2158.1999999999994 0.438737234
2360.2999999999997 0.359442991
2250.8 0.414429877
2134.6 0.424147365
2142.7999999999997 0.455049685
2224.6 0.407937573
2210.4 0.483069294
2180.8999999999996 0.507724367
2179.5999999999995 0.328866691
2083.7999999999993 0.470613108
2367.4999999999995 0.325731132
2184.2999999999997 0.488495818
2224.3999999999996 0.40416796
2164.1 0.493161805
2192.6000000000004 0.479720937
2280 0.417075416
2115.2 0.366663387
2400.8999999999996 0.511437805
2262.2 0.378078521
2246.3999999999996 0.39516625
2200.5999999999995 0.329984755
2279.7999999999993 0.406629946
2099.9999999999995 0.487345983
2201.4999999999995 0.465808842
2179.8 0.297413679
2353.899999999999 0.455945597
2338.899999999999 0.315211247
2208.5 0.334462485
2215.9999999999995 0.383205555
2344.3 0.31509655
2272.0000000000005 0.402336754
2263.6 0.276850979
2332 0.37020513
2206.4999999999995 0.480315904
2271 0.397522923
2109.6 0.469332632
2203.8 0.485272821
2296.4 0.545030158
2214.8999999999996 0.392057359
2279.5 0.608760604
2327.9 0.344821596
2102.7999999999997 0.449799967
2192.4999999999995 0.400195487
2328.5000000000005 0.405475096
2026.6999999999994 0.432437978
2136 0.550682893
2394.2999999999993 0.437702166
2165.7999999999997 0.439236835
2273.7000000000003 0.406521329
2210.8 0.516274894
2342.2999999999993 0.396662974
2073.2 0.402950156
2392.6000000000004 0.346451087
2258.8999999999996 0.4839914
2222.6 0.473529627
2412.899999999999 0.469476955
2242.2999999999997 0.405438787
2174.8999999999996 0.596362638
2176.7 0.422344879
2341.5000000000005 0.402336219
2184.9 0.431608055
2262.9 0.483281571
2156.7 0.441608635
2191.7999999999997 0.363437634
2126.9999999999995 0.515045936
2203.1 0.421601377
2448.7 0.302255274
2191.4 0.366465625
2342.6999999999994 0.424888698
2209.4999999999995 0.488598543
2322.2999999999997 0.412224921
2357.6999999999994 0.522581471
2346.7 0.556164167
2170.3999999999996 0.666039515
2175.1000000000004 0.462726846
2212.2999999999993 0.519247757
2285.4 0.448319899
2315.8999999999996 0.555144111
2346 0.514689015
2275.5999999999995 0.590365897
2300.4999999999995 0.560977431
2258.4 0.433174753
2303.1 0.489606306
2122.999999999999 0.503875637
2141.0000000000005 0.406762003
2134.1000000000004 0.468913065
2491.1000000000004 0.477865337
2399.5000000000005 0.294806411
2108.2 0.314699453
2200.7999999999993 0.307159341
2271.3 0.304795511
2200.4999999999995 0.415486888
2138.4000000000005 0.380393342
2306.7000000000007 0.409089444
2271.5 0.296560863
2408.6999999999994 0.340103951
2193.1999999999994 0.3726072
2209.7999999999997 0.381742979
2204.6 0.241252001
2252.9 0.349825354
2155.2999999999993 0.353701581
2405.6 0.398908182
2423.600000000001 0.278656364
2320.2 0.473841664
2305.8 0.417800952
2290.999999999999 0.407763637
2128.4 0.348309704
2234.7000000000003 0.340224601
2136.3 0.369597773
2307.2000000000003 0.383672447
2194.7999999999997 0.449120969
2188.4999999999995 0.412424092
2358.5 0.359858199
2346.1000000000004 0.477868296
2200.7 0.442418025
2162.8 0.416994628
2054.7 0.458748272
2317.3999999999996 0.367220962
2250.1 0.299549878
2409.7 0.45677021
2144.7999999999993 0.414551416
2348.2999999999997 0.415715906
2209.7999999999993 0.302607345
2176.2999999999993 0.378792711
2320.5000000000005 0.453737993
2190.7999999999997 0.399343475
2261.8 0.391559671
2139.7 0.466236856
2409.9 0.488273087
2151.7 0.323141674
2389.2999999999993 0.351148532
2126.6 0.313357669
2371.7000000000003 0.427379101
2408.8999999999996 0.403540972
2041.6999999999998 0.409782269
2382.7000000000003 0.353856136
2324.6999999999994 0.446760905
2244.8 0.444004653
2401.9 0.394678888
2246.7999999999997 0.409509349
2167.0999999999995 0.410946144
2315.2000000000003 0.402687402
2240.6 0.39302619
2358.1 0.297918418
2335.7 0.37117201
2258.7999999999993 0.422296885
2257.8999999999996 0.286203423
2141.9999999999995 0.418322752
2211.4 0.393677406
2235.899999999999 0.441212255
2156.6000000000004 0.408836678
2216.2999999999997 0.424477932
2205.9 0.475530137
2168.1 0.404806779
2198.3999999999996 0.376033401
2219.2 0.375861215
2333.5 0.364138357
2489 0.382554535
2265.899999999999 0.47540175
2259.6 0.496289278
2324.7999999999997 0.456591904
2290.1 0.357569156
2128.7999999999993 0.409303751
2219.8 0.421798847
2339.999999999999 0.368250163
2124.7000000000003 0.410004763
2112.2 0.509074357
2235.1000000000004 0.46318039
2220.3 0.547805101
2178.2 0.444227785
2250.4 0.497323902
2394 0.330970002
2267 0.435175232
2216.999999999999 0.360549871
2218.7000000000007 0.46098808
2177.8999999999996 0.436921691
2275.4 0.429595753
2229.599999999999 0.39162294
2190.9 0.469667491
2241.3999999999996 0.399208185
2146.9999999999995 0.406601738
2424.4 0.345389431
2283 0.399682358
2108.2999999999997 0.501331826
2269.6 0.458024118
2323.1999999999994 0.256721177
2118.6 0.40177392
2335.9999999999995 0.43091662
2259.6999999999994 0.416481156
2321.8999999999996 0.429640907
2400.399999999999 0.33214947
2198.7999999999997 0.402995103
2302.5999999999995 0.359766277
2302.4 0.369940126
2424.3999999999996 0.49756774
2262.9999999999995 0.381530421
2415.2999999999993 0.387844524
2304.5000000000005 0.411462614
2219.4 0.485926584
2165.4999999999995 0.469147049
2217 0.602142788
2306.4999999999995 0.459389654
2268.5 0.514060887
2329.2 0.496146491
2310.3 0.543090951
2293.6999999999994 0.476982522
2280.6 0.579487027
2252.0999999999995 0.633052682
2243.8999999999996 0.585259074
2116.9999999999995 0.470860353
2353.9999999999995 0.388917715
2308.9999999999995 0.5304691
2239.2999999999993 0.619348137
2072.8999999999996 0.487327315
2342.6999999999994 0.488009144
2036.8999999999999 0.349456286
2158.199999999999 0.346571663
2242.7999999999993 0.381928177
2259.6999999999994 0.406142898
2352.6 0.330819244
2286.5 0.439391986
2398.4 0.287109799
2174.1 0.372405512
2225.7 0.281366983
2209.4999999999995 0.394330655
2237.1999999999994 0.370674927
2263.9999999999995 0.302410158
2179.4999999999995 0.379844069
2316.7999999999993 0.387497154
2062.999999999999 0.414763445
2148.1 0.438145471
2244.1 0.32331961
2154 0.332374846
2175.8 0.367939772
2181.1 0.415060161
2213.1 0.407378409
2146 0.3806258
2224.599999999999 0.338055009
2138.8999999999996 0.362737244
2165.6999999999994 0.362131269
2223.2 0.503946091
2172.5999999999995 0.287168369
2234.7 0.452835969
2229.5 0.408492509
2023.0999999999992 0.276706671
2172.7999999999997 0.419271111
2335.9999999999995 0.349919199
2317.8999999999996 0.504154629
2056.6 0.437789092
2372.5000000000005 0.519660676
2147.3 0.302430171
2181.8 0.398183906
2268.5000000000005 0.391460006
2143.3999999999996 0.354090448
2448.5999999999995 0.423267908
2257.9999999999995 0.37191584
2298.4999999999995 0.387572194
2457.2 0.392863024
2321.899999999999 0.519650587
2382.8999999999996 0.372288491
2383.6 0.343403612
2286.7999999999997 0.363581092
2243.7999999999997 0.449200267
2214.5 0.418756673
2249.2999999999993 0.326811217
2272.8999999999996 0.505646731
2225.3999999999996 0.385590059
2316.0999999999995 0.458785131
2146.3999999999996 0.319051858
2123.4999999999995 0.468625719
2213.1 0.418265999
2316.3999999999996 0.419403348
2339.9 0.36983753
2195.1 0.462979252
2331.5 0.442161352
2298.2000000000007 0.405548946
2363.5999999999995 0.466632715
2201.7 0.405999316
2354.2999999999997 0.367711075
2325.3 0.399989816
2378 0.542079759
2213.2 0.322335816
2102.6000000000004 0.352599409
2331.099999999999 0.368855114
2041.5999999999995 0.268844887
2466.2 0.526282775
2160 0.528850807
2108.4999999999995 0.408921241
2270.4 0.345607228
2189.4999999999995 0.381163043
2220.7999999999997 0.47439795
2184.7 0.460724613
2311.5 0.396427342
2250.9999999999995 0.52454429
2296.2000000000003 0.288620932
2308.199999999999 0.359280217
2078.3999999999996 0.519661358
2256.2999999999997 0.371540087
2325 0.439340519
2058.1 0.292125443
2179.2999999999997 0.312362193
2226.7999999999997 0.390327155
2127.4999999999995 0.398436742
2325.0999999999995 0.432085782
2260.5 0.401747288
2261.7000000000003 0.447553626
2005.3999999999994 0.454487481
2290.8999999999996 0.397475402
2389.099999999999 0.356656879
2140 0.442707674
2285.2 0.410433641
2449.9999999999986 0.391475769
2240.3999999999996 0.425107124
2309.2 0.495961424
2319.6999999999994 0.499071713
2157.3999999999996 0.468295933
2211.1000000000004 0.452583282
2336.6 0.419475164
2392.0999999999995 0.298767957
2085.1 0.435004034
2169.4999999999995 0.471941749
2183.0999999999995 0.448322996
2369 0.562821867
2274.8 0.385431635
2214.2 0.398659766
2251.2 0.357966202
2316.2999999999997 0.434030208
2231.0000000000005 0.554640037
2171.899999999999 0.370722651
2281.4999999999995 0.660718219
2316.7999999999997 0.428982403
